q_mean,runoff_ratio,slope_fdc,baseflow_index,stream_elas,q5,q95,high_q_freq,high_q_dur,low_q_freq,low_q_dur,zero_q_freq,hfd_mean
1.699155,0.543437,1.528219,0.585226,1.845324,0.241106,6.373021,6.100000,8.714286,41.350000,20.170732,0.000000,207.250000
2.173062,0.602269,1.776280,0.554478,1.702782,0.204734,7.123049,3.900000,2.294118,65.150000,17.144737,0.000000,166.250000
1.820108,0.555859,1.871110,0.508441,1.377505,0.107149,6.854887,12.250000,7.205882,89.250000,19.402174,0.000000,184.900000
2.030242,0.576289,1.494019,0.445091,1.648693,0.111345,8.010503,18.900000,3.286957,94.800000,14.697674,0.000000,181.000000
2.182870,0.656868,1.415939,0.473465,1.510238,0.196458,8.095148,14.950000,2.577586,71.550000,12.776786,0.000000,184.800000
2.405105,0.644652,1.301062,0.459700,1.025555,0.305965,8.669019,14.100000,2.517857,58.900000,7.316770,0.000000,197.200000
2.731742,0.671663,1.319645,0.437050,1.357808,0.256851,10.095605,16.050000,1.888235,82.200000,9.963636,0.000000,183.450000
2.279897,0.652484,1.349312,0.438132,1.366587,0.185465,8.441584,16.250000,2.056962,83.600000,8.941176,0.000000,186.050000
1.823551,0.510727,1.533232,0.474677,1.280681,0.078169,6.866097,13.850000,2.429825,82.950000,13.825000,0.000000,178.050000
1.703194,0.486207,1.780107,0.501892,2.278789,0.065815,5.784236,7.850000,2.211268,96.000000,12.467532,0.000000,168.750000
1.755803,0.492803,1.499491,0.491189,1.526654,0.145171,6.616290,12.050000,3.050633,69.550000,12.419643,0.000000,180.700000
2.129575,0.546405,2.217869,0.559172,0.382857,0.059039,6.612366,3.500000,1.372549,89.500000,11.776316,0.000000,155.400000
1.958341,0.526494,1.940049,0.536306,1.166044,0.080101,6.025019,5.900000,1.475000,85.000000,9.883721,0.000000,156.350000
1.737335,0.454295,1.808908,0.585542,0.963140,0.216845,5.028286,4.550000,1.400000,58.100000,9.149606,0.000000,159.100000
2.077579,0.599173,1.408166,0.487598,1.107875,0.238225,7.096611,9.050000,2.154762,46.150000,6.888060,0.000000,187.550000
2.379463,0.597226,1.390544,0.541710,1.406601,0.481715,7.501904,8.250000,1.617647,17.300000,7.061224,0.000000,189.150000
1.697473,0.541537,1.507105,0.572170,2.162962,0.268167,5.343473,4.150000,1.693878,35.150000,6.632075,0.000000,183.400000
1.811683,0.548411,1.543569,0.607173,1.747615,0.246804,5.579909,2.150000,1.869565,37.250000,7.163462,0.000000,190.200000
1.723016,0.519815,1.466223,0.571788,1.506497,0.178647,5.359421,5.750000,2.129630,41.500000,9.325843,0.000000,181.150000
1.858755,0.543359,1.519482,0.562749,1.729026,0.237792,5.983057,5.800000,1.812500,42.000000,10.120482,0.000000,181.500000
1.835881,0.485229,1.868461,0.508575,1.153614,0.088591,6.348989,6.450000,2.632653,85.150000,14.191667,0.000000,168.150000
2.236963,0.570484,1.494461,0.511888,1.081513,0.212155,7.446653,8.250000,1.666667,65.200000,9.381295,0.000000,174.050000
2.171761,0.557636,1.595363,0.536997,1.433915,0.210379,7.203209,6.700000,1.696203,62.150000,9.207407,0.000000,174.250000
2.151425,0.563935,1.485966,0.491212,1.264259,0.150713,7.292503,9.050000,1.560345,73.800000,11.441860,0.000000,168.000000
2.002281,0.506829,1.579420,0.444723,0.666680,0.063524,6.851501,11.800000,1.616438,92.300000,11.395062,0.000000,158.650000
1.622354,0.440560,2.124782,0.517895,1.183609,0.041216,4.945907,6.250000,1.543210,102.100000,12.082840,0.001643,155.250000
2.068090,0.558243,1.566150,0.552807,1.580211,0.218133,6.631232,4.600000,1.508197,50.600000,10.019802,0.000000,165.900000
2.107518,0.544607,1.631092,0.454634,1.564264,0.091870,7.189819,11.350000,1.891667,95.650000,16.211864,0.000000,160.200000
1.534578,0.439352,1.901596,0.492301,1.338660,0.070036,5.071742,9.050000,1.967391,106.700000,19.577982,0.000000,169.550000
1.499653,0.428298,1.841468,0.459147,1.179227,0.033545,5.143623,11.100000,2.074766,107.200000,13.234568,0.000000,166.450000
2.719211,0.645673,1.560803,0.554875,1.309946,0.270286,8.005366,5.300000,1.558824,47.600000,10.818182,0.000000,165.750000
1.188186,0.374179,1.337293,0.724230,1.050374,0.339288,3.022748,0.950000,1.900000,3.900000,4.875000,0.000000,175.150000
1.959340,0.511237,1.790485,0.530017,1.212596,0.132684,5.999619,5.500000,2.075472,70.000000,17.283951,0.000000,162.500000
2.239578,0.562712,1.746363,0.530299,1.161063,0.163232,6.711475,5.450000,1.703125,59.550000,13.087912,0.000000,159.650000
1.809878,0.479676,1.769991,0.509840,1.262670,0.102857,5.657152,5.600000,1.931034,76.350000,11.568182,0.000000,160.850000
1.840688,0.496978,1.806986,0.522810,1.479675,0.105299,5.748747,5.150000,1.907407,78.650000,18.080460,0.000000,162.200000
2.816440,0.634762,1.356883,0.493758,0.738850,0.244658,9.080074,8.300000,1.418803,51.650000,9.932692,0.000000,163.850000
2.967315,0.687252,1.318360,0.540275,1.246484,0.383031,8.710410,6.150000,1.413793,39.300000,11.391304,0.000000,165.300000
2.027364,0.550427,1.673747,0.584467,1.160537,0.119977,5.854889,3.250000,2.321429,56.750000,15.985915,0.000000,156.100000
1.797091,0.506238,1.648028,0.589172,0.953120,0.160460,5.219322,3.600000,1.636364,56.400000,15.887324,0.000000,159.850000
2.069011,0.551244,1.587846,0.562587,1.147147,0.195491,6.130053,4.450000,1.854167,59.850000,14.962500,0.000000,156.100000
1.759909,0.502371,1.581601,0.477158,1.548397,0.135441,5.903912,10.000000,2.000000,73.350000,9.168750,0.000000,153.500000
0.853262,0.241046,0.969017,0.837327,0.225542,0.395636,1.637114,0.200000,2.000000,0.000000,0.000000,0.000000,181.150000
0.996853,0.300142,1.404818,0.708419,1.303015,0.152231,2.365023,2.400000,1.454545,27.850000,13.925000,0.000000,175.600000
0.917682,0.283185,1.826515,0.476673,1.743402,0.034571,3.266941,12.350000,2.806818,106.850000,15.264286,0.000000,160.050000
1.254533,0.383132,1.778185,0.520550,1.517864,0.083157,4.157865,8.400000,1.826087,92.550000,19.082474,0.000000,161.650000
1.304607,0.390713,1.667765,0.744017,1.317448,0.274148,3.067847,0.800000,1.333333,12.250000,6.805556,0.000000,173.350000
1.229520,0.372009,1.693093,0.556540,1.342325,0.100530,3.929064,6.300000,2.000000,77.950000,14.045045,0.000000,173.050000
1.900061,0.548787,1.762527,0.504189,1.321721,0.127762,6.311435,9.200000,2.021978,79.100000,16.652632,0.000000,164.000000
1.029183,0.323374,1.624710,0.416854,1.201384,0.023316,3.575047,15.750000,2.142857,122.150000,14.121387,0.000000,158.450000
1.198378,0.395290,1.745605,0.429466,1.643721,0.034516,4.286292,16.250000,2.321429,120.150000,13.890173,0.000000,163.650000
1.347748,0.421820,1.569027,0.436232,1.676305,0.038867,4.637514,14.350000,2.157895,101.200000,13.675676,0.000000,150.800000
1.778496,0.519508,1.686977,0.518897,1.406484,0.128991,5.501291,6.350000,1.924242,67.550000,14.072917,0.000000,154.250000
1.599205,0.467258,1.667860,0.386466,1.419626,0.041315,6.287088,18.550000,2.348101,119.450000,14.656442,0.000000,157.800000
1.647945,0.486117,1.734499,0.448967,1.937804,0.058954,5.964720,11.600000,2.209524,96.600000,12.150943,0.000000,159.800000
1.630548,0.478317,1.796691,0.482957,2.050314,0.061912,5.679408,8.450000,2.139241,89.800000,15.754386,0.000000,163.750000
1.634217,0.485865,1.763243,0.485231,1.039989,0.075797,5.650290,8.450000,2.315068,91.150000,15.319328,0.000000,160.600000
1.517911,0.448479,1.750192,0.514876,1.069583,0.065242,5.072567,6.850000,2.634615,84.600000,17.443299,0.000000,164.350000
1.347965,0.429971,1.840775,0.442897,2.384804,0.038787,4.826783,15.450000,2.834862,116.050000,14.152439,0.000000,158.650000
1.435444,0.455213,1.728199,0.494163,1.107208,0.084850,5.012412,8.900000,2.507042,88.700000,16.425926,0.000000,162.200000
1.511147,0.453495,1.660702,0.471684,1.008290,0.057720,5.064303,11.400000,2.375000,94.200000,13.083333,0.000000,154.600000
1.672919,0.496450,1.742603,0.495114,1.563757,0.091879,5.566786,8.750000,1.944444,82.700000,14.016949,0.000000,155.600000
1.719250,0.494464,1.670861,0.510549,1.214325,0.110471,5.458544,6.350000,1.716216,67.150000,13.297030,0.000000,150.150000
1.982566,0.547204,1.603361,0.484828,1.182489,0.108934,6.092231,6.900000,1.550562,72.550000,10.290780,0.000000,149.150000
1.599418,0.507253,1.768912,0.530440,1.624764,0.120950,5.495777,7.800000,1.902439,87.500000,13.257576,0.000000,165.200000
1.296614,0.403573,1.460069,0.553409,1.645362,0.220867,3.975606,8.550000,1.800000,41.250000,7.568807,0.000000,162.850000
1.423347,0.427470,1.686249,0.517278,1.786343,0.123613,4.624041,10.050000,1.778761,85.400000,12.287770,0.000000,161.750000
1.305300,0.380362,1.231863,0.715801,1.106159,0.350412,3.023554,2.300000,1.210526,6.600000,12.000000,0.000000,171.950000
1.099419,0.337025,1.211525,0.730657,1.049054,0.298267,2.496025,1.600000,1.032258,8.600000,9.555556,0.000000,170.700000
1.163195,0.351986,1.490414,0.661738,1.225913,0.235571,3.028773,3.500000,1.129032,18.100000,9.282051,0.000000,168.500000
1.067366,0.324920,1.293035,0.635940,1.276612,0.186319,2.484253,5.000000,1.190476,23.950000,11.975000,0.000000,168.450000
1.803768,0.460016,2.236437,0.468281,1.696369,0.019988,6.396276,8.550000,1.727273,116.850000,15.274510,0.009172,163.550000
1.536612,0.463636,1.819223,0.441482,1.855214,0.047106,6.214086,17.750000,2.465278,118.700000,14.930818,0.000000,162.400000
1.009597,0.314547,1.503982,0.544435,1.905030,0.158235,3.185796,8.850000,2.391892,56.250000,10.135135,0.000000,173.600000
1.210237,0.359817,1.704381,0.518891,2.073786,0.113284,4.197325,11.000000,2.417582,90.350000,15.313559,0.000000,171.850000
1.238652,0.401052,1.694799,0.418223,2.081063,0.009646,4.998380,25.450000,3.221519,139.150000,17.393750,0.010404,163.800000
1.632580,0.480366,1.492079,0.414733,1.983935,0.039920,5.468430,14.850000,2.724771,116.900000,32.472222,0.000000,172.050000
0.946655,0.322976,1.527816,0.391341,1.673041,0.017110,3.480571,23.950000,3.050955,140.200000,23.563025,0.000000,173.700000
0.799203,0.274819,1.476377,0.592229,2.658133,0.119808,2.416124,8.100000,1.883721,46.100000,11.525000,0.000000,172.500000
0.990485,0.332469,1.492594,0.482440,2.881623,0.085266,3.392100,14.550000,2.346774,106.550000,12.389535,0.000000,171.400000
0.996602,0.328432,1.699459,0.488001,2.206751,0.025309,3.298659,12.900000,2.080645,112.600000,14.435897,0.000000,168.250000
1.140667,0.352794,1.386617,0.563521,1.703916,0.155670,3.596882,8.100000,1.372881,39.000000,9.750000,0.000000,160.700000
1.003884,0.329396,1.813696,0.513835,2.709999,0.019079,3.445600,11.350000,2.026786,104.900000,15.540741,0.000000,170.650000
0.956239,0.297140,1.282838,0.375390,1.903958,0.013915,3.289088,17.650000,1.476987,125.750000,12.033493,0.009719,162.700000
1.115833,0.354342,1.745361,0.565655,1.624126,0.059751,3.289334,5.900000,1.573333,70.650000,13.330189,0.000000,170.000000
1.218049,0.380532,1.498177,0.587109,1.833381,0.147909,3.261396,4.200000,1.423729,44.950000,11.986667,0.000000,169.150000
1.158654,0.361179,1.570911,0.563942,1.985145,0.117298,3.393555,5.750000,1.474359,59.450000,11.656863,0.000000,168.000000
0.959165,0.300023,1.897945,0.668812,1.425873,0.068112,2.513325,2.350000,1.740741,48.450000,11.535714,0.003696,169.150000
1.133552,0.346317,2.004155,0.598059,1.744023,0.021344,3.122275,3.250000,2.708333,75.250000,19.802632,0.004107,176.250000
0.992886,0.301921,1.703202,0.541783,1.994208,0.126013,3.227137,9.400000,2.088889,73.750000,13.053097,0.000000,171.450000
1.458133,0.428325,1.788711,0.446487,1.631500,0.057902,5.070299,13.800000,1.957447,111.200000,16.474074,0.000000,164.350000
0.977042,0.321789,1.536265,0.455219,1.601095,0.086394,3.444259,18.200000,2.348387,112.950000,18.072000,0.000000,168.550000
1.065665,0.341059,1.735839,0.542675,1.705380,0.141820,3.366677,9.300000,2.214286,75.100000,12.112903,0.000000,173.000000
1.355460,0.424175,1.437309,0.559092,1.623718,0.282881,3.977475,8.150000,1.752688,11.900000,7.000000,0.000000,171.050000
1.155713,0.367498,1.501722,0.497769,1.795241,0.161801,3.846360,12.300000,1.952381,74.850000,15.275510,0.000000,170.300000
1.169110,0.386445,1.928962,0.511085,1.648595,0.087710,4.144516,14.500000,2.566372,119.650000,19.614754,0.000000,171.400000
1.113803,0.364492,1.749329,0.509782,1.331112,0.114817,3.926737,13.200000,2.275862,101.650000,20.128713,0.000000,170.050000
1.642225,0.473552,1.668782,0.570089,1.773015,0.121938,5.090893,5.500000,1.833333,75.250000,14.611650,0.000000,160.850000
1.845304,0.503420,1.726429,0.571559,0.757294,0.126951,5.454907,4.500000,1.836735,74.100000,13.596330,0.000000,162.400000
1.427767,0.429217,1.734755,0.560856,1.728753,0.073761,4.533317,7.000000,1.794872,83.450000,16.048077,0.000000,164.100000
0.887959,0.281926,1.290352,0.580267,2.186115,0.081404,2.557784,6.650000,1.445652,43.150000,12.507246,0.000000,165.350000
0.856972,0.262162,1.679152,0.442151,2.297505,0.015264,3.059491,15.750000,2.423077,122.950000,19.830645,0.000411,164.900000
0.736388,0.232236,1.355639,0.401018,2.354635,0.020273,2.534086,16.800000,1.548387,114.150000,13.273256,0.000684,163.200000
0.820122,0.257070,1.505910,0.469506,1.270925,0.051373,2.774148,13.900000,1.878378,90.900000,15.150000,0.000000,164.350000
0.858214,0.257418,1.938923,0.389270,2.290285,0.009641,3.478341,34.150000,6.696078,154.250000,21.725352,0.000000,174.950000
0.968322,0.299971,1.554627,0.599848,1.865157,0.156876,2.605892,5.800000,1.757576,34.400000,8.600000,0.000000,175.500000
0.981350,0.321098,1.830558,0.620299,1.577637,0.120166,2.723758,5.900000,1.616438,46.550000,12.413333,0.000000,171.100000
1.016617,0.319757,1.492246,0.633373,1.666752,0.164139,2.624584,4.300000,1.409836,26.550000,8.045455,0.000000,174.050000
0.860121,0.277493,1.278523,0.596608,1.188095,0.120965,2.388059,5.850000,1.625000,30.350000,11.036364,0.000000,173.150000
0.929232,0.300188,1.324246,0.564004,2.122633,0.125826,2.595451,7.400000,1.370370,31.850000,11.375000,0.000000,168.450000
0.936285,0.298859,1.254000,0.615706,1.732537,0.164668,2.363467,5.400000,1.770492,21.900000,12.166667,0.000137,167.900000
1.316410,0.373703,1.247963,0.715195,1.815425,0.365111,3.097911,2.200000,1.189189,4.400000,5.500000,0.000000,178.850000
1.157907,0.350843,1.017410,0.682371,1.909148,0.334516,2.701440,3.850000,1.222222,7.600000,10.857143,0.000000,177.500000
0.967302,0.295725,0.956300,0.587705,3.563781,0.220466,2.235183,6.300000,1.312500,12.250000,8.750000,0.000000,172.500000
0.914962,0.279088,1.404977,0.343001,0.867385,0.000000,3.076063,22.850000,2.125581,148.050000,17.115607,0.062423,161.450000
0.842319,0.257860,1.294463,0.320793,1.351502,0.004683,3.220065,28.550000,2.187739,157.400000,17.586592,0.006571,159.700000
0.830137,0.254400,1.589092,0.453919,1.891419,0.027606,2.929414,14.450000,2.388430,106.950000,15.500000,0.000000,173.350000
1.004959,0.265666,1.648259,0.406554,2.375526,0.017492,3.640510,19.000000,5.507246,121.300000,19.885246,0.000000,178.900000
0.748603,0.223717,1.290454,0.319098,1.523588,0.000000,2.625349,29.950000,2.178182,162.750000,16.778351,0.055989,161.000000
1.346296,0.401272,1.032711,0.729820,0.495562,0.446410,2.976068,1.000000,1.111111,2.450000,4.083333,0.000000,167.200000
1.125542,0.295389,1.771086,0.500015,1.952892,0.045206,3.660167,8.650000,5.766667,92.700000,16.121739,0.000000,175.450000
1.727488,0.464920,1.338403,0.636781,1.708972,0.334969,4.391814,3.900000,1.444444,18.950000,8.422222,0.000000,176.750000
1.368028,0.381828,1.252446,0.724851,2.074367,0.366473,3.088846,1.800000,1.125000,5.000000,10.000000,0.000000,176.000000
1.332592,0.374448,1.225705,0.698716,2.174859,0.334035,3.095893,2.500000,1.136364,8.550000,6.840000,0.000000,174.150000
1.431191,0.416001,1.110225,0.753729,1.661488,0.440932,3.062688,1.350000,1.038462,4.400000,6.769231,0.000000,177.850000
1.135589,0.324666,1.141002,0.651345,2.453591,0.244334,2.820834,4.350000,1.380952,14.450000,7.810811,0.000000,172.300000
0.961206,0.297263,1.093865,0.271950,3.541405,0.000000,3.652515,38.850000,2.707317,184.550000,18.736041,0.062834,153.000000
0.944218,0.291364,1.320702,0.402625,1.819386,0.022365,3.086400,15.100000,1.581152,114.250000,12.694444,0.000821,161.250000
1.753112,0.440334,1.296129,0.680549,2.333934,0.415756,4.231802,2.800000,1.302326,10.250000,8.541667,0.000000,176.450000
1.709404,0.458561,1.312789,0.654308,1.833823,0.412457,3.911784,2.900000,1.487179,9.550000,7.640000,0.000000,175.050000
1.403701,0.378918,1.218824,0.664091,1.959431,0.282293,3.410097,3.650000,1.327273,16.800000,7.304348,0.000000,166.650000
1.682994,0.415980,1.391523,0.599046,2.087020,0.253932,4.813659,5.650000,1.284091,36.450000,9.720000,0.000000,166.750000
1.519838,0.397697,1.220413,0.699589,2.351480,0.360055,3.684566,2.550000,1.159091,9.900000,7.615385,0.000000,173.600000
1.302559,0.345189,1.175151,0.654845,2.619208,0.252566,3.340186,4.100000,1.261538,18.350000,7.057692,0.000000,172.800000
2.916051,0.542574,1.365888,0.733193,2.145687,0.692957,6.780949,0.750000,1.153846,9.150000,8.318182,0.000000,173.150000
2.865731,0.549718,1.299695,0.722337,2.050193,0.711590,6.624255,0.850000,1.133333,7.500000,6.521739,0.000000,169.800000
0.717462,0.219135,1.058395,0.400189,2.485087,0.016706,2.116078,16.200000,1.687500,107.650000,13.540881,0.003149,164.700000
0.573991,0.172657,1.109698,0.323146,3.364533,0.006427,2.223559,32.000000,2.735043,169.150000,17.348718,0.000000,152.550000
0.806628,0.243017,0.913453,0.437351,1.987706,0.092335,3.010128,29.800000,3.568862,125.250000,13.395722,0.000000,154.400000
0.717314,0.214677,1.412013,0.377938,3.373185,0.001533,3.484631,47.550000,9.057143,180.550000,27.992248,0.000684,165.450000
0.739886,0.219429,1.226147,0.355084,2.032106,0.003514,2.863623,25.950000,2.556650,148.100000,19.746667,0.014921,158.450000
0.881183,0.262695,1.501381,0.484350,2.216872,0.036208,3.283135,18.650000,3.188034,119.900000,18.030075,0.000000,155.850000
0.874905,0.256638,1.574542,0.367343,3.020924,0.000000,4.036253,96.550000,9.902564,204.350000,30.500000,0.321150,159.600000
0.762009,0.226848,1.387643,0.529551,1.254089,0.040876,2.534309,11.750000,2.196262,74.150000,20.315068,0.000000,161.000000
0.760263,0.204403,1.416711,0.435578,2.584760,0.032185,2.865862,31.150000,8.774648,146.650000,26.187500,0.000000,191.900000
1.143163,0.302145,1.610304,0.391853,2.018070,0.000000,5.022103,33.900000,6.108108,152.700000,23.136364,0.091444,236.300000
0.492074,0.131447,1.720737,0.656615,2.406978,0.034517,1.799799,14.750000,14.750000,90.100000,50.055556,0.000000,183.250000
0.889769,0.236893,1.171785,0.443287,2.201206,0.084261,3.117641,15.300000,3.029703,79.550000,12.527559,0.000000,210.200000
0.954112,0.257644,1.188667,0.415783,2.255312,0.065089,3.296742,16.800000,3.692308,87.900000,13.119403,0.000000,200.800000
0.705924,0.191814,1.232226,0.438323,3.754852,0.009936,3.312151,59.900000,14.975000,185.050000,38.552083,0.000000,252.100000
0.792041,0.199601,1.150056,0.392088,2.317879,0.000784,3.371883,52.100000,6.722581,183.000000,25.774648,0.033128,256.150000
0.926554,0.241186,1.150910,0.423763,3.093620,0.012502,4.021908,52.400000,12.626506,182.600000,31.482759,0.005202,268.000000
1.042803,0.283028,1.433352,0.503475,3.151086,0.038917,4.751511,38.350000,12.573770,136.500000,23.534483,0.000000,260.850000
1.351725,0.346924,1.299453,0.395340,2.427895,0.021149,5.599066,40.950000,7.951456,156.300000,25.209677,0.008761,269.100000
1.189068,0.300060,1.001783,0.353297,1.473667,0.057560,5.430283,39.300000,4.115183,156.850000,16.865591,0.000000,263.750000
1.507616,0.386916,0.799178,0.362892,1.949837,0.089460,4.970021,17.600000,2.885246,82.300000,9.247191,0.001095,245.850000
0.451640,0.120091,1.170247,0.482623,5.061899,0.000000,2.609440,96.100000,34.945455,213.050000,83.549020,0.183984,222.500000
0.390440,0.108662,0.941434,0.554751,6.240501,0.000000,2.241373,80.850000,50.531250,216.700000,68.793651,0.125394,197.000000
0.597203,0.163531,1.949279,0.585453,2.392996,0.008837,2.363983,25.750000,22.391304,142.650000,66.348837,0.000000,180.900000
0.592681,0.161613,1.751109,0.571319,3.049391,0.008772,2.598778,27.750000,26.428571,148.050000,63.000000,0.000000,179.700000
0.455489,0.118258,1.791389,0.499360,3.093108,0.007217,2.054196,59.150000,18.200000,187.400000,50.648649,0.000000,200.450000
1.550170,0.371886,1.764021,0.338497,2.079626,0.016243,6.432277,40.900000,7.175439,169.200000,26.437500,0.000000,198.250000
0.998638,0.261793,1.202782,0.339009,1.871527,0.012650,3.373424,25.000000,2.145923,153.750000,14.504717,0.000000,165.550000
0.821029,0.242086,1.447793,0.465820,1.846555,0.059736,2.923067,22.600000,2.897436,135.350000,17.025157,0.000000,161.100000
0.950617,0.261459,1.668211,0.622683,1.911899,0.134774,2.813763,3.150000,3.000000,43.350000,11.716216,0.000000,162.300000
1.214117,0.306747,1.521789,0.567095,1.518807,0.141718,3.471547,5.350000,2.547619,55.300000,12.712644,0.000000,164.350000
1.084462,0.273827,1.978191,0.494045,1.733570,0.037858,3.516984,11.700000,3.900000,111.550000,17.991935,0.000000,163.000000
1.551320,0.335796,1.323376,0.542232,1.444545,0.314008,4.213302,5.700000,2.000000,15.900000,6.913043,0.000000,169.250000
1.153419,0.290535,1.834661,0.523493,1.486906,0.064344,4.049901,10.100000,3.960784,102.150000,20.029412,0.000000,164.700000
1.222512,0.306924,1.668065,0.507875,1.573454,0.070499,4.144493,9.200000,3.538462,91.850000,14.934959,0.000000,159.700000
1.484329,0.335850,1.187841,0.641124,1.386435,0.356788,4.016881,2.500000,1.612903,10.650000,8.875000,0.000000,161.300000
3.695600,0.865166,1.282992,0.621848,1.846121,0.426728,9.719922,4.750000,1.557377,36.500000,9.012346,0.000000,171.700000
2.080848,0.422265,1.583885,0.479563,2.330033,0.111052,6.846290,9.600000,1.586777,84.100000,9.666667,0.000000,155.350000
1.287327,0.342948,1.165397,0.565289,2.180214,0.238804,3.640304,7.750000,1.519608,22.800000,4.750000,0.000000,161.250000
1.405807,0.345785,1.530167,0.552621,2.313917,0.115443,4.338091,7.700000,1.604167,65.150000,11.954128,0.000000,161.400000
1.474157,0.363529,1.535234,0.559165,2.059008,0.099580,4.600586,7.400000,1.525773,73.600000,13.886792,0.000000,162.850000
1.249438,0.312510,1.304741,0.572971,1.654006,0.213330,3.700819,7.900000,1.595960,29.200000,10.245614,0.000000,160.150000
1.220716,0.301902,1.106310,0.384895,1.820971,0.090582,4.818947,23.000000,2.433862,116.700000,13.112360,0.000000,153.700000
1.699083,0.401421,1.484606,0.477175,0.833942,0.180960,5.489112,11.600000,1.459119,77.750000,12.341270,0.000000,150.800000
1.684233,0.397111,1.303252,0.561300,0.871308,0.213042,4.260842,6.450000,1.433333,38.800000,10.210526,0.000000,156.600000
1.752473,0.397427,1.562789,0.373480,1.404334,0.040103,6.659143,26.950000,2.495370,157.750000,20.095541,0.000000,143.750000
1.540819,0.360652,1.512624,0.390037,1.438725,0.020285,6.076926,24.650000,2.240909,139.350000,17.310559,0.000000,145.450000
1.512073,0.363503,1.363698,0.508776,1.706025,0.201046,4.948825,11.000000,1.496599,49.350000,8.508621,0.000000,156.150000
1.453659,0.354719,1.201082,0.519637,0.817874,0.230467,4.773967,9.550000,1.591667,34.700000,8.567901,0.000000,149.600000
1.159783,0.286827,1.149447,0.629209,1.059069,0.351941,3.020826,3.300000,1.736842,1.400000,4.000000,0.000000,156.100000
1.272995,0.310789,1.474314,0.423853,2.636882,0.057882,4.785721,20.450000,2.493902,122.500000,13.101604,0.000000,156.150000
1.326192,0.318919,1.185525,0.406862,2.691424,0.110450,5.535210,30.200000,4.081081,125.300000,15.761006,0.000000,152.950000
1.302227,0.305963,0.799994,0.539492,1.617114,0.337591,4.057288,10.450000,2.271739,0.450000,3.000000,0.000000,159.500000
1.500288,0.338751,1.259885,0.389459,1.783361,0.133663,5.203963,19.500000,2.000000,108.950000,10.327014,0.000000,156.700000
1.771995,0.383668,1.256562,0.507678,1.637320,0.307907,6.607165,12.550000,3.217949,34.000000,10.625000,0.000000,162.400000
1.768435,0.380309,1.594108,0.494979,1.792171,0.196826,6.389261,11.800000,3.687500,73.550000,11.143939,0.000000,159.100000
1.888600,0.394145,1.323072,0.326058,1.830671,0.047119,7.967102,27.450000,2.418502,144.450000,13.191781,0.000000,165.150000
1.705698,0.369133,1.302884,0.425394,1.854562,0.140562,6.288627,17.200000,2.248366,90.300000,10.623529,0.000000,164.350000
1.496955,0.455751,1.927018,0.493940,1.504911,0.081732,4.969306,8.500000,2.656250,93.200000,14.912000,0.000000,159.050000
1.931475,0.538101,1.840614,0.548835,1.742133,0.180866,5.812145,3.500000,1.521739,62.450000,11.354545,0.000000,155.600000
2.048934,0.569292,1.728866,0.484368,1.478056,0.180801,7.169681,7.850000,2.093333,76.900000,12.304000,0.000000,148.650000
2.291054,0.621600,1.552721,0.407555,1.448490,0.092894,9.060710,17.050000,1.823529,104.900000,11.527473,0.000000,141.400000
1.746184,0.493333,1.902331,0.505318,1.264960,0.095165,5.541235,5.500000,1.718750,74.200000,11.074627,0.000000,158.550000
1.980925,0.571807,1.835191,0.518664,1.803059,0.167043,6.311196,4.700000,1.773585,71.000000,9.161290,0.000000,158.650000
1.277236,0.387928,1.836545,0.476525,1.231362,0.067818,4.492410,9.950000,1.809091,97.450000,11.812121,0.000000,159.050000
1.077025,0.355803,1.756742,0.424670,2.125872,0.042721,3.779129,15.700000,1.857988,117.750000,8.037543,0.000000,165.100000
1.895418,0.489377,1.854232,0.427852,1.698455,0.033137,6.677636,12.000000,1.600000,110.800000,12.109290,0.000000,164.550000
2.430374,0.581602,1.834766,0.479959,1.275785,0.142760,8.445896,6.211198,1.787879,78.797990,10.692857,0.000000,161.947368
2.448186,0.601000,1.797236,0.474430,1.577289,0.134395,8.245507,6.450000,1.535714,80.200000,10.552632,0.000000,165.750000
2.032041,0.549169,2.002723,0.463491,1.551285,0.070932,7.187744,9.700000,1.469697,105.550000,12.417647,0.000000,156.400000
1.779246,0.486973,1.798880,0.497186,1.485533,0.104085,6.375691,9.950000,1.950980,96.000000,11.779141,0.000000,162.450000
1.902593,0.542170,1.954632,0.499639,1.852243,0.078785,6.575513,8.550000,1.568807,100.300000,12.157576,0.000000,160.150000
0.948224,0.325506,1.844920,0.439380,2.848067,0.021979,3.338611,15.900000,1.827586,120.950000,11.147465,0.000000,166.600000
1.103310,0.368430,1.682641,0.425829,2.256627,0.055205,4.004356,17.350000,1.938547,118.600000,14.552147,0.000000,174.900000
1.098823,0.349307,1.542482,0.343457,1.716372,0.010376,4.619105,27.150000,2.072519,151.550000,15.004950,0.003422,162.200000
1.950071,0.481832,1.202796,0.726973,1.350789,0.634981,4.194580,1.350000,1.421053,0.850000,3.400000,0.000000,175.500000
1.545479,0.413173,1.380941,0.690427,2.056072,0.445941,3.736887,1.650000,1.375000,2.750000,6.875000,0.000000,174.500000
1.678934,0.457288,1.082308,0.699827,1.729931,0.527693,3.693849,2.900000,1.183673,0.700000,7.000000,0.000000,172.100000
1.074246,0.323361,1.441713,0.702219,1.146727,0.277096,2.468004,1.900000,1.187500,6.850000,5.956522,0.000000,175.950000
1.015847,0.336056,1.840312,0.540795,2.911241,0.129713,3.321916,9.700000,1.979592,86.350000,16.292453,0.000000,170.900000
2.018277,0.533537,1.948141,0.473179,1.674430,0.070336,6.991026,8.500000,1.827957,98.250000,11.164773,0.000000,163.550000
1.672218,0.470738,1.909879,0.451749,1.358596,0.068470,6.004548,12.600000,1.800000,110.850000,14.585526,0.000000,161.800000
2.532769,0.611347,1.891194,0.459918,1.132981,0.070649,8.682642,7.600000,1.394495,92.550000,11.789809,0.000000,159.350000
2.650263,0.641024,1.901713,0.470847,1.161447,0.076673,8.894065,5.900000,1.340909,87.600000,11.159236,0.000000,160.300000
1.132436,0.325842,1.849265,0.560448,1.875424,0.120056,3.569390,7.250000,1.907895,75.350000,13.825688,0.000000,176.400000
1.129411,0.320096,2.038040,0.356306,2.547425,0.000000,4.217466,37.950000,2.653846,174.000000,19.772727,0.070500,166.200000
1.189695,0.368723,1.354171,0.301729,1.610598,0.006097,5.072594,35.800000,2.182927,164.400000,15.293023,0.000000,159.400000
1.273979,0.391668,0.890576,0.206289,1.382752,0.001041,6.265988,43.500000,2.202532,195.150000,13.185811,0.042574,166.350000
1.040749,0.338989,1.625533,0.458743,2.594083,0.060123,3.761980,13.350000,2.069767,104.050000,19.632075,0.000000,174.900000
1.330014,0.333289,1.691096,0.411989,2.071707,0.041750,4.592548,17.450000,2.208861,130.900000,10.642276,0.000000,165.650000
NaN,NaN,NaN,0.385868,NaN,NaN,NaN,NaN,NaN,NaN,NaN,NaN,NaN
1.420856,0.373787,1.704949,0.409674,1.949820,0.017302,5.204007,18.850000,2.312883,126.450000,14.789474,0.001506,158.750000
1.413336,0.399979,1.562838,0.335458,1.645613,0.006843,5.504007,26.300000,2.146939,150.000000,14.150943,0.000000,153.700000
1.510603,0.416831,1.243982,0.262182,1.409195,0.000000,6.715149,33.550000,1.874302,167.300000,13.437751,0.073101,166.250000
1.366465,0.395171,1.398965,0.288199,2.097366,0.001197,6.520849,33.050000,2.248299,161.200000,17.240642,0.003149,157.400000
1.165910,0.399840,1.507974,0.395333,3.061302,0.035378,4.492959,20.150000,2.704698,127.600000,23.629630,0.000000,182.950000
1.071951,0.343885,1.372998,0.389667,2.070688,0.020522,3.776065,19.650000,2.101604,128.800000,23.000000,0.000000,168.450000
0.997250,0.318291,0.930783,0.231647,2.249075,0.003904,4.925044,41.650000,3.007220,186.850000,16.909502,0.000000,174.400000
1.181482,0.366902,1.408851,0.323202,1.556128,0.000000,4.103933,24.650000,2.088983,152.050000,17.680233,0.105544,167.100000
1.203781,0.359483,1.402741,0.350016,1.805826,0.001651,4.536314,21.500000,1.945701,133.250000,19.172662,0.037098,169.500000
1.359347,0.375957,1.220471,0.286183,1.613293,0.007451,6.045007,31.800000,2.099010,161.350000,13.790598,0.000000,167.500000
1.417023,0.403830,0.862611,0.206380,0.523777,0.000000,5.927101,40.050000,2.075130,194.850000,12.861386,0.063655,168.050000
1.333124,0.363300,1.155992,0.268367,2.897680,0.000440,5.459828,43.750000,2.887789,190.300000,22.790419,0.041889,156.750000
3.163232,0.568858,1.180605,0.720916,1.375628,0.876369,7.199918,1.350000,1.227273,2.150000,6.142857,0.000000,168.950000
1.898413,0.463638,1.802871,0.592268,1.653875,0.173762,5.039112,2.350000,1.620690,57.550000,10.369369,0.000000,173.050000
3.300741,0.569036,1.323965,0.626332,1.530170,0.603679,8.646020,3.550000,1.245614,21.550000,7.696429,0.000000,164.200000
2.598693,0.542821,1.389791,0.636631,1.996365,0.440065,6.747656,3.300000,1.434783,26.650000,8.737705,0.000000,167.300000
2.182169,0.488063,1.283883,0.687018,1.517650,0.520056,5.258346,1.800000,1.384615,12.200000,7.870968,0.000000,169.550000
3.060050,0.670285,1.296073,0.589692,1.995520,0.458079,7.979291,3.900000,1.278689,34.750000,9.928571,0.000000,177.150000
1.320338,0.386908,1.643507,0.630658,1.451605,0.283969,3.555782,3.600000,1.600000,5.600000,6.588235,0.000000,174.800000
1.453654,0.415811,1.648303,0.627685,1.594112,0.280567,3.927938,2.950000,1.594595,22.050000,7.112903,0.000000,171.950000
1.815486,0.456929,1.334649,0.592287,1.662995,0.332302,4.631463,4.000000,1.454545,23.250000,8.017241,0.000000,168.200000
1.231176,0.376022,1.777133,0.530133,1.841591,0.135401,3.896174,7.850000,1.744444,78.900000,15.028571,0.000000,166.400000
1.804276,0.416642,1.527419,0.573669,1.559591,0.249307,4.986132,4.950000,1.571429,44.350000,9.747253,0.000000,163.450000
2.502089,0.481630,1.329172,0.731154,1.890912,0.596164,5.826148,0.700000,1.272727,7.900000,6.869565,0.000000,168.800000
2.313884,0.459279,1.383909,0.705216,1.824594,0.519977,5.682845,1.450000,1.318182,11.100000,10.571429,0.000000,166.850000
3.682262,0.657177,1.391958,0.720317,1.873374,0.854810,8.384414,0.600000,1.090909,9.800000,8.166667,0.000000,165.600000
1.965500,0.458075,1.682521,0.388051,2.225401,0.036076,8.008942,24.750000,2.796610,146.100000,18.851613,0.000000,140.000000
1.505406,0.352112,1.323285,0.441520,1.395460,0.149738,4.857360,12.050000,1.525316,79.750000,9.906832,0.000000,150.250000
1.691097,0.388741,1.150908,0.567561,1.449056,0.387066,4.396570,6.600000,1.783784,6.900000,7.263158,0.000000,160.150000
0.966810,0.431650,0.991233,0.337148,1.924143,0.033806,4.741569,38.550000,4.535294,153.600000,20.756757,0.010815,202.000000
0.803006,0.359584,1.294473,0.464913,1.301335,0.103132,3.156727,21.250000,3.728070,83.300000,17.913978,0.000000,204.200000
0.849859,0.350686,0.988986,0.508959,1.532043,0.154058,3.020743,14.050000,4.014286,25.200000,11.200000,0.000000,195.700000
1.072190,0.439473,1.235266,0.504176,2.124905,0.104896,4.258765,16.850000,6.127273,57.350000,13.987805,0.000000,199.300000
1.248434,0.602347,0.697556,0.547396,0.402167,0.287382,4.438450,13.600000,4.610169,7.900000,7.523810,0.000000,196.650000
1.080909,0.421555,1.273806,0.641212,0.874036,0.288271,3.479752,2.000000,8.000000,3.200000,10.666667,0.000000,191.700000
1.101841,0.459863,1.050672,0.714606,1.023995,0.382863,2.956597,0.600000,6.000000,0.000000,0.000000,0.000000,189.600000
0.873568,0.370732,1.308237,0.650659,1.366487,0.249013,2.607917,2.050000,3.727273,0.200000,4.000000,0.000000,191.250000
1.058376,0.424990,1.269560,0.552725,1.078621,0.183699,3.859791,12.850000,5.140000,30.050000,8.838235,0.000000,201.100000
0.659664,0.302179,1.344446,0.527200,1.832752,0.070234,2.602806,16.850000,8.868421,67.900000,25.148148,0.000000,200.400000
0.663597,0.288441,1.170933,0.623243,1.515744,0.168697,2.132327,4.050000,5.785714,3.150000,4.200000,0.000000,208.300000
0.825172,0.347896,0.953964,0.782622,0.546631,0.381539,1.813526,0.000000,0.000000,0.000000,0.000000,0.000000,199.200000
1.072899,0.383120,0.916275,0.814047,-0.023819,0.549007,1.871615,0.000000,0.000000,0.000000,0.000000,0.000000,173.700000
0.825588,0.330594,1.031334,0.757702,0.550163,0.357612,1.711428,0.250000,1.250000,0.200000,1.333333,0.000000,176.400000
1.054248,0.399502,0.898938,0.828458,0.208668,0.567137,2.023487,0.000000,0.000000,0.000000,0.000000,0.000000,175.500000
1.084942,0.415061,0.849741,0.839462,0.139151,0.597404,2.032832,0.000000,0.000000,0.000000,0.000000,0.000000,177.800000
1.157520,0.467783,0.491013,0.886909,0.413931,0.823293,1.821058,0.000000,0.000000,0.000000,0.000000,0.000000,183.550000
0.885658,0.337654,1.221402,0.592684,1.546156,0.249883,2.930768,7.650000,3.122449,0.000000,0.000000,0.000000,189.100000
1.074980,0.425966,0.453026,0.882037,1.126499,0.758340,1.657299,0.000000,0.000000,0.000000,0.000000,0.000000,182.250000
0.640158,0.258277,1.638778,0.615977,0.011894,0.098913,1.826087,1.450000,2.416667,38.000000,7.037037,0.000000,173.850000
0.909733,0.351522,1.562498,0.429136,1.583625,0.041389,3.743445,24.600000,5.178947,114.400000,18.451613,0.000000,163.500000
0.909436,0.340026,1.179781,0.265576,2.887291,0.003549,4.546566,49.850000,3.972112,180.550000,18.237374,0.000000,166.250000
0.928911,0.336742,1.089631,0.274611,1.409953,0.006932,4.638416,44.250000,3.339623,167.350000,16.569307,0.000000,159.900000
0.855340,0.315298,0.710097,0.224128,2.064182,0.028266,3.797961,40.550000,2.599359,189.050000,17.668224,0.000000,165.600000
1.639385,0.503043,1.628958,0.373443,1.264458,0.044063,6.985610,23.050000,2.058036,128.850000,14.982558,0.000000,145.300000
1.468619,0.450833,1.429959,0.468619,1.471762,0.153305,5.040156,12.600000,1.392265,67.200000,7.148936,0.000000,145.850000
1.477927,0.468583,1.659621,0.489052,1.217453,0.124527,5.093141,10.950000,1.586957,85.200000,8.968421,0.000000,157.300000
1.310888,0.412810,1.807673,0.500683,1.441827,0.087973,4.398675,9.300000,1.917526,89.500000,13.664122,0.000000,161.600000
1.129647,0.387613,1.698497,0.506242,0.022873,0.105529,3.693502,11.250000,1.906780,79.150000,10.993056,0.000000,164.400000
1.171887,0.408264,1.652170,0.553734,1.136117,0.125124,3.460879,6.050000,1.779412,63.750000,8.614865,0.000000,167.050000
2.267776,0.622837,1.336099,0.537304,1.260415,0.389431,7.340253,5.350000,1.698413,27.350000,7.704225,0.000000,170.850000
1.838227,0.508458,1.441415,0.522731,1.461478,0.291461,6.306901,6.200000,2.755556,30.900000,8.828571,0.000000,181.400000
0.058622,0.045068,1.196534,0.452931,2.186267,0.001006,0.226843,40.900000,15.433962,178.600000,47.626667,0.000000,217.600000
0.072715,0.053863,1.304323,0.503921,2.219447,0.002775,0.293236,29.500000,16.857143,143.400000,37.246753,0.000411,216.700000
0.063088,0.043456,0.790822,0.393806,3.011542,0.000606,0.241133,43.400000,17.019608,200.350000,45.022472,0.021629,207.950000
0.336318,0.178310,1.355410,0.579243,2.115157,0.022361,1.209541,13.203615,8.000000,73.070005,39.486486,0.000000,218.400000
0.333378,0.203683,0.736573,0.302750,2.370859,0.000122,1.628824,75.750000,18.937500,224.800000,67.104478,0.048323,228.250000
0.040408,0.030803,0.716965,0.465859,3.953147,0.000000,0.200609,57.200000,26.604651,211.000000,50.238095,0.055168,218.600000
0.053758,0.039753,0.516183,0.435889,5.463438,0.000000,0.322028,157.350000,92.558824,247.050000,93.226415,0.476112,233.300000
0.637890,0.323291,1.649712,0.703045,2.196741,0.074718,1.930204,0.300000,3.000000,32.900000,31.333333,0.000000,217.100000
0.577358,0.289185,1.639404,0.515257,1.134472,0.046995,2.288340,19.450000,7.203704,102.550000,41.857143,0.000000,216.550000
0.218208,0.125753,0.778985,0.414744,3.157750,0.007713,0.852158,32.800000,8.746667,153.000000,32.210526,0.000000,209.450000
0.826513,0.350440,1.129386,0.417671,1.255497,0.074526,3.395054,25.350000,5.393617,100.250000,16.570248,0.000000,201.750000
0.985497,0.412614,1.092066,0.409539,1.739020,0.082130,4.115361,26.150000,4.547826,98.750000,16.056911,0.000000,203.800000
0.687339,0.301202,0.673795,0.262647,2.666206,0.017406,2.971721,44.750000,5.028090,198.900000,21.977901,0.000000,199.050000
0.673445,0.270849,0.654786,0.767910,0.385612,0.354921,1.308948,1.550000,1.291667,0.000000,0.000000,0.000000,200.100000
0.833438,0.310020,1.201222,0.602931,2.061482,0.145848,2.707701,8.500000,3.541667,26.050000,11.085106,0.000000,215.250000
0.687564,0.259327,0.837403,0.773140,0.826760,0.270931,1.551695,1.700000,1.416667,0.000000,0.000000,0.000000,199.100000
0.730649,0.269882,0.975316,0.746326,1.707348,0.257333,1.741945,2.600000,2.000000,0.900000,4.500000,0.000000,202.150000
0.826180,0.294420,1.120666,0.669731,1.873746,0.182022,2.007447,4.450000,1.508475,11.700000,8.666667,0.000000,199.500000
0.767956,0.279561,1.506135,0.448067,2.538913,0.004865,2.544618,17.050000,2.351724,127.300000,19.000000,0.012868,209.600000
0.732935,0.285424,1.328289,0.495878,1.465315,0.075593,2.512846,16.150000,3.629213,78.300000,14.236364,0.000000,224.400000
0.822519,0.301242,1.612411,0.523851,2.058313,0.048865,3.123098,16.500000,3.235294,101.950000,21.020619,0.000000,201.750000
0.706748,0.263160,0.855627,0.247968,1.949696,0.006929,3.048761,44.900000,3.789030,203.900000,20.912821,0.000000,230.150000
0.728126,0.273374,0.917308,0.250112,2.030607,0.003029,2.828797,46.200000,3.898734,204.650000,24.363095,0.002738,217.650000
0.686013,0.255886,0.925729,0.260211,2.463918,0.007354,2.683027,41.200000,3.567100,199.400000,20.556701,0.000000,220.750000
0.742618,0.272044,0.835555,0.242143,2.721984,0.005952,3.709566,48.200000,3.918699,202.100000,19.066038,0.000000,213.450000
0.739617,0.268668,0.730574,0.197627,3.068135,0.002053,3.323124,48.850000,3.267559,213.250000,17.197581,0.000000,201.200000
0.749525,0.265752,0.825330,0.233713,1.923725,0.006893,3.250330,40.950000,3.500000,195.650000,21.266304,0.000000,201.500000
0.765752,0.259940,0.420255,0.117701,2.347613,0.000000,3.435607,65.900000,4.321311,259.050000,17.865517,0.110472,202.950000
0.708253,0.242511,0.345532,0.103658,2.825228,0.000000,2.608449,62.100000,3.942857,267.100000,17.176849,0.086242,203.650000
0.687444,0.239322,0.782111,0.203593,2.127368,0.002052,2.649089,40.200000,3.045455,207.800000,19.885167,0.005749,199.300000
0.764763,0.259399,0.748999,0.206736,2.817189,0.003882,3.270353,47.950000,3.318339,209.200000,18.678571,0.000000,196.250000
0.976714,0.343117,1.460794,0.382011,1.938880,0.021114,4.053838,23.450000,3.448529,128.350000,22.321739,0.000000,181.400000
0.856223,0.307647,1.765737,0.481961,2.743084,0.017922,2.966368,12.700000,2.419048,118.900000,24.770833,0.000000,198.600000
0.737105,0.266062,1.388001,0.374413,2.716986,0.011687,3.102100,29.300000,3.662500,147.850000,22.922481,0.000000,199.300000
0.705482,0.254981,1.264477,0.369835,2.842760,0.017504,3.544483,36.050000,4.651613,148.400000,21.664234,0.000000,202.050000
0.892293,0.307702,1.511314,0.356128,2.281449,0.000000,3.661853,27.500000,3.235294,155.900000,27.113043,0.126489,175.750000
0.786826,0.277746,1.260684,0.308206,2.921469,0.002214,3.100100,35.650000,3.547264,179.200000,25.239437,0.004517,184.000000
0.865628,0.290150,0.599717,0.178759,1.854912,0.000000,3.672517,62.100000,3.718563,233.900000,16.075601,0.177960,174.400000
0.875231,0.295245,0.412505,0.134469,2.159504,0.003372,4.495935,58.400000,2.994872,250.950000,13.826446,0.005339,173.650000
0.827437,0.289131,0.689944,0.185274,3.663357,0.000000,3.565995,44.500000,2.996633,219.100000,17.117188,0.051335,174.950000
0.872785,0.281482,0.534583,0.141607,1.896899,0.000000,3.997024,64.800000,3.681818,243.650000,15.180685,0.131006,168.450000
1.111145,0.461856,0.568736,0.881091,0.806472,0.764657,2.115405,0.000000,0.000000,0.000000,0.000000,0.000000,211.300000
0.938994,0.427139,0.759609,0.678758,0.975860,0.276916,3.586062,10.900000,6.228571,0.050000,1.000000,0.000000,246.250000
0.259667,0.201156,0.683662,0.644280,1.612837,0.073229,0.732288,9.150000,6.777778,0.100000,2.000000,0.000000,234.000000
1.350247,0.599379,0.675919,0.522507,1.313038,0.127258,6.657002,58.250000,25.326087,177.050000,35.059406,0.000000,244.300000
1.144640,0.528979,1.059837,0.673644,1.261210,0.234430,4.428916,18.000000,9.000000,12.750000,4.322034,0.000000,249.700000
1.462905,0.943420,2.335132,0.633987,0.513287,0.057976,5.421804,75.900000,15.489796,175.850000,66.358491,0.000000,278.950000
1.346474,0.910373,1.782912,0.604440,0.886555,0.080735,5.651455,50.050000,16.409836,157.050000,46.880597,0.000000,265.200000
1.259971,0.651512,0.569918,0.427050,1.553831,0.087303,7.017535,48.250000,20.104167,188.800000,49.684211,0.000000,248.350000
1.179793,0.604356,0.949788,0.609808,1.375190,0.197218,4.992068,28.550000,10.196429,56.650000,6.744048,0.000000,257.850000
0.718148,0.417089,0.744800,0.703615,1.379313,0.249190,2.501242,8.900000,7.120000,1.000000,1.666667,0.000000,242.700000
0.491118,0.314380,0.692599,0.634138,0.525626,0.112249,2.020479,16.400000,9.371429,11.800000,5.756098,0.000000,244.650000
0.609807,0.418661,0.675098,0.518766,1.507730,0.067927,3.116657,44.000000,14.666667,147.200000,36.800000,0.000000,239.000000
0.041206,0.034008,0.103355,0.129602,1.502379,0.000128,0.077681,34.950000,7.132653,302.550000,50.008264,0.045859,193.400000
0.051601,0.044654,0.328551,0.163825,2.624180,0.000000,0.124839,36.350000,8.759036,261.300000,40.828125,0.060370,189.100000
0.040497,0.035637,0.415622,0.249938,2.567850,0.000511,0.131144,35.750000,8.937500,223.300000,38.834783,0.002738,198.150000
0.051664,0.045442,0.288788,0.163255,2.429970,0.000000,0.121569,39.500000,9.404762,266.450000,39.768657,0.108966,196.750000
0.044803,0.041563,0.341745,0.252461,1.861888,0.001532,0.101054,27.850000,10.711538,223.950000,46.656250,0.001369,201.800000
0.052165,0.047610,0.364716,0.236326,1.940235,0.000407,0.135748,38.050000,15.854167,253.650000,58.988372,0.020945,198.500000
0.042584,0.037512,0.500005,0.268676,2.720723,0.000000,0.128639,53.150000,13.805195,249.300000,47.942308,0.119918,201.150000
0.049806,0.043759,0.575861,0.304448,2.270632,0.000113,0.161594,45.500000,11.097561,227.800000,41.045045,0.014374,202.100000
0.060728,0.051152,0.447048,0.287935,4.107077,0.000000,0.251328,68.500000,12.685185,249.750000,44.203540,0.146886,214.700000
0.160844,0.104388,1.214348,0.488509,4.076702,0.000645,0.560764,22.650000,7.426230,138.100000,21.410853,0.038741,228.050000
0.115859,0.081125,2.082473,0.700473,3.083834,0.008971,0.325208,12.350000,9.148148,107.650000,32.134328,0.000000,214.650000
0.635111,0.345527,0.954071,0.977555,1.086196,0.388159,1.117426,0.000000,0.000000,0.000000,0.000000,0.000000,187.750000
0.181761,0.104855,1.291234,0.866768,1.324290,0.073875,0.393206,0.200000,1.333333,0.100000,1.000000,0.000000,205.000000
0.376538,0.191605,1.060312,0.880857,1.219152,0.194764,0.658760,0.350000,2.333333,0.000000,0.000000,0.000000,202.550000
0.072300,0.054939,0.091614,0.098130,3.039039,0.000000,0.214060,118.400000,12.333333,294.950000,27.310185,0.395072,221.050000
0.060235,0.045998,0.329122,0.260108,1.967872,0.000000,0.276692,109.800000,18.148760,263.950000,40.607692,0.263792,222.850000
0.048286,0.036771,1.147092,0.329690,1.973241,0.000286,0.203727,33.300000,3.679558,150.800000,14.857143,0.025873,222.350000
0.072083,0.050156,1.244267,0.666652,1.168380,0.019239,0.192385,2.350000,2.611111,5.700000,10.363636,0.000000,186.750000
0.098504,0.066945,1.025188,0.715383,1.457848,0.033920,0.226134,2.100000,1.826087,0.550000,1.375000,0.000000,188.350000
0.065768,0.047585,1.223833,0.429283,2.869282,0.003794,0.275857,25.000000,4.629630,117.600000,21.381818,0.001232,213.400000
0.117706,0.068527,1.408744,0.495839,3.398039,0.001164,0.420294,20.650000,5.657534,127.300000,38.000000,0.009993,213.350000
0.084502,0.054643,1.264539,0.630291,1.908287,0.015952,0.256073,7.950000,4.818182,22.200000,16.444444,0.000000,196.000000
0.076612,0.058583,0.437508,0.341760,2.462769,0.000000,0.360572,84.900000,35.375000,250.500000,100.200000,0.102943,217.300000
0.076583,0.058028,0.567249,0.372291,2.794338,0.000000,0.395815,71.250000,30.319149,238.300000,66.194444,0.132375,218.200000
0.055263,0.035480,0.685094,0.365345,4.613983,0.000000,0.242113,88.500000,26.417910,232.650000,69.447761,0.065572,222.650000
0.066567,0.039623,0.200061,0.267755,3.528987,0.000016,0.300880,88.650000,31.660714,272.100000,98.945455,0.031211,225.350000
0.214106,0.118502,0.940352,0.351773,3.240033,0.000837,0.893318,71.950000,14.390000,210.050000,47.202247,0.012731,214.150000
0.142132,0.080548,1.041141,0.417965,2.675737,0.000668,0.577775,45.650000,13.626866,191.750000,54.785714,0.009719,212.450000
0.356558,0.168585,1.293204,0.685294,2.578096,0.076082,0.787991,2.850000,1.583333,17.500000,10.937500,0.000000,220.600000
1.812588,0.621257,0.893148,0.504923,1.555708,0.157844,9.106361,55.600000,25.272727,174.500000,85.121951,0.000000,260.900000
1.179925,0.522750,0.407430,0.483847,1.386011,0.180952,6.940640,42.900000,23.833333,113.150000,10.879808,0.000000,242.400000
1.431322,0.498984,0.607237,0.527019,1.641115,0.195559,7.725891,44.950000,29.000000,100.150000,16.974576,0.000000,247.450000
1.101506,0.490343,0.454244,0.465671,1.361311,0.114080,6.634679,51.100000,30.058824,193.200000,28.204380,0.000000,246.450000
3.114038,1.130328,1.070017,0.502216,1.607572,0.167687,16.493768,56.050000,32.028571,182.100000,110.363636,0.000000,259.900000
0.091203,0.052262,0.958777,0.728175,0.793129,0.027231,0.180859,1.750000,2.500000,7.950000,10.600000,0.000000,188.600000
0.273279,0.129828,0.718467,0.409176,1.834877,0.043195,0.518342,8.950000,1.657407,40.000000,6.349206,0.000000,219.700000
0.271151,0.126554,0.617902,0.415912,2.199877,0.041862,0.630304,12.650000,1.916667,41.350000,8.270000,0.000000,222.450000
0.421300,0.175498,0.806131,0.280142,3.347270,0.004113,1.380554,35.650000,3.656410,194.150000,21.453039,0.001232,225.950000
0.012181,0.007731,1.505601,0.452949,1.235877,0.000000,0.022297,7.600000,3.102041,130.600000,25.861386,0.134018,204.650000
0.105075,0.053999,1.244933,0.402947,2.549376,0.000166,0.261497,21.200000,4.510638,165.150000,33.363636,0.035181,217.100000
0.159939,0.077800,0.636229,0.347243,3.671326,0.001899,0.574335,33.300000,7.010526,187.600000,27.792593,0.000000,227.550000
0.283434,0.127113,0.707482,0.345768,3.505925,0.017961,0.869703,22.800000,3.081081,141.300000,20.042553,0.000000,228.450000
0.476243,0.181513,0.860738,0.326265,2.451304,0.000000,1.679231,172.800000,90.947368,232.350000,82.982143,0.526899,224.500000
0.440636,0.180177,0.554054,0.266185,3.292113,0.008057,1.594727,35.250000,3.357143,206.200000,18.576577,0.000000,218.900000
0.601944,0.228182,1.111244,0.368948,2.309151,0.028173,1.776951,24.100000,3.050633,160.950000,27.512821,0.000000,219.750000
0.569653,0.219975,0.816668,0.272526,2.285874,0.007613,1.754713,29.250000,2.799043,179.200000,17.148325,0.005476,208.350000
0.569976,0.217562,0.799297,0.268284,2.056477,0.013727,1.766183,28.450000,2.722488,178.900000,18.162437,0.000000,211.900000
0.631079,0.227417,0.763326,0.237709,1.629986,0.004254,2.776332,39.450000,3.400862,198.050000,18.337963,0.000000,214.550000
0.716030,0.258339,0.565646,0.187265,2.953357,0.000356,3.994451,58.300000,5.091703,237.900000,23.671642,0.019576,227.700000
0.917229,0.287499,0.708449,0.194642,2.485836,0.008993,3.074756,43.050000,3.075000,213.450000,19.672811,0.000000,198.300000
0.577236,0.216381,0.805984,0.217499,2.528404,0.000055,1.990938,47.300000,3.925311,208.200000,23.133333,0.049144,214.500000
0.578260,0.216952,0.730603,0.203667,2.850267,0.000000,1.786553,44.650000,3.434615,213.700000,22.978495,0.095825,208.900000
0.867473,0.287241,0.900655,0.218726,2.300956,0.000256,3.412132,46.150000,3.995671,206.200000,26.435897,0.016975,209.550000
0.995544,0.308267,1.655841,0.520716,2.774287,0.078959,3.123784,11.200000,2.800000,101.350000,31.671875,0.000000,192.950000
0.791486,0.238616,1.086112,0.281591,2.441593,0.000526,3.289798,49.850000,4.353712,196.000000,28.201439,0.018617,193.900000
0.961355,0.296574,1.341970,0.353497,2.408415,0.024033,3.429237,27.500000,2.736318,160.750000,24.172932,0.000000,185.300000
0.834181,0.258048,1.304496,0.292007,2.949071,0.000756,2.591577,36.700000,2.983740,183.950000,19.994565,0.026694,180.500000
0.931778,0.286173,1.460428,0.521237,2.864719,0.154818,3.049006,13.300000,3.643836,50.450000,14.838235,0.000000,181.400000
0.857726,0.261162,1.255130,0.533759,2.818550,0.164144,2.416355,9.100000,2.246914,23.850000,9.352941,0.000000,184.000000
1.281213,0.354183,1.670913,0.404147,2.233435,0.031872,4.507593,24.000000,3.380282,152.800000,32.860215,0.000000,167.800000
1.258117,0.385775,1.185492,0.699977,1.796488,0.466993,3.137927,2.550000,1.500000,0.000000,0.000000,0.000000,182.850000
0.767293,0.207573,0.959603,0.326313,2.058199,0.044030,2.543930,29.000000,3.240223,154.500000,14.507042,0.000000,172.850000
1.168395,0.355359,1.168483,0.589871,1.320219,0.306548,3.297710,7.700000,1.790698,0.000000,0.000000,0.000000,175.450000
1.207190,0.350642,1.256807,0.679048,1.291561,0.387041,3.104202,3.050000,1.794118,0.000000,0.000000,0.000000,178.900000
1.333882,0.391847,1.045035,0.718142,1.777904,0.542805,3.108711,2.200000,1.692308,0.000000,0.000000,0.000000,180.600000
0.961310,0.287919,1.261387,0.758627,2.050913,0.309483,2.115610,2.050000,1.863636,0.000000,0.000000,0.000000,183.400000
1.190175,0.571181,1.271270,0.597458,1.319386,0.120799,5.315141,37.200000,13.052632,127.250000,45.446429,0.000000,260.400000
0.019338,0.010703,1.959085,0.612135,2.780577,0.000000,0.048395,7.550000,3.282609,122.950000,39.031746,0.132786,204.100000
0.567355,0.225991,0.398745,0.163269,2.256618,0.006058,2.342485,37.650000,2.929961,237.400000,18.474708,0.000000,224.150000
0.118953,0.062293,1.445172,0.536771,1.300259,0.002500,0.399990,13.750000,2.750000,82.350000,14.972727,0.000000,203.900000
0.184950,0.093607,0.909769,0.592456,1.806416,0.014949,0.526432,7.650000,2.154930,47.800000,18.037736,0.002190,194.550000
0.375065,0.161932,0.956009,0.432530,2.155438,0.023201,1.145911,15.100000,2.141844,70.900000,13.377358,0.000000,209.400000
0.838547,0.297730,0.697082,0.212084,2.483385,0.002143,2.723520,47.950000,4.300448,215.850000,31.977778,0.015195,213.650000
0.656216,0.251656,0.984174,0.319152,2.128693,0.014208,1.935877,20.850000,1.985714,153.450000,28.952830,0.009172,215.650000
0.977276,0.300203,0.420270,0.137372,3.016820,0.000000,4.885105,63.400000,4.269360,254.900000,19.992157,0.089391,206.150000
1.011695,0.288715,0.862588,0.529321,2.132385,0.185589,2.879830,8.650000,2.982759,21.300000,7.344828,0.002738,179.900000
1.202811,0.324763,1.477917,0.371447,1.511032,0.017484,4.021264,23.200000,2.331658,150.150000,21.297872,0.006845,171.050000
1.150140,0.317350,1.403310,0.456229,1.888282,0.090788,3.843343,15.500000,2.605042,106.200000,25.590361,0.000000,171.800000
0.214324,0.129214,0.912485,0.616964,2.645597,0.033805,0.799032,17.100000,13.153846,31.750000,5.990566,0.000000,215.750000
0.004553,0.004238,0.000000,0.073812,-0.636293,0.000000,0.010733,75.550000,8.536723,314.350000,35.925714,0.793155,276.650000
1.349054,0.359831,1.750467,0.397953,2.288746,0.000439,5.447323,31.300000,3.458564,158.900000,30.557692,0.034908,150.900000
1.364766,0.345850,1.346332,0.296225,1.729302,0.000000,5.590763,50.800000,4.215768,187.150000,22.279762,0.137851,144.500000
1.210778,0.291430,0.928239,0.307446,1.950953,0.070990,4.937396,33.100000,2.536398,162.400000,12.444444,0.000000,161.300000
1.314144,0.307535,0.765082,0.375507,1.689006,0.209284,3.923301,19.850000,1.872642,75.050000,8.292818,0.000000,155.150000
1.326588,0.311733,0.977611,0.449696,2.912389,0.252554,4.342985,15.050000,1.781065,24.850000,7.888889,0.000000,158.950000
1.571257,0.358673,0.809024,0.330516,2.052077,0.157309,5.872872,23.800000,1.743590,116.350000,8.781132,0.000000,157.600000
0.101726,0.057380,0.703856,0.454826,1.754611,0.021620,0.156536,7.000000,2.028986,16.150000,11.962963,0.000000,216.150000
0.041160,0.024353,1.521156,0.661661,1.551906,0.001526,0.098541,2.500000,2.000000,72.100000,26.703704,0.000411,179.800000
0.047053,0.027234,1.556188,0.538402,2.019104,0.000000,0.127142,7.150000,2.600000,96.400000,24.717949,0.051882,190.050000
0.146243,0.065521,0.046489,0.077193,3.765731,0.000000,0.252647,109.900000,19.280702,312.750000,45.000000,0.416564,197.750000
0.358230,0.143166,0.443475,0.158217,2.745917,0.000000,1.603342,64.400000,6.133333,255.600000,26.625000,0.079535,205.500000
2.116558,0.499744,1.652873,0.321584,1.952916,0.000000,7.251233,24.250000,2.487179,155.350000,23.360902,0.097604,155.350000
1.915203,0.436978,1.192750,0.336093,2.120247,0.116792,7.156151,25.000000,2.262443,139.450000,14.835106,0.000000,150.550000
0.900645,0.251435,2.135349,0.492232,2.687698,0.000000,3.461282,18.800000,5.696970,132.700000,31.223529,0.052841,159.300000
1.901260,0.444163,1.219183,0.416950,1.592022,0.235914,5.930746,14.650000,1.831250,83.250000,12.242647,0.000000,149.250000
1.063061,0.279172,1.218265,0.334657,3.002743,0.007369,4.715911,53.400000,7.265306,183.350000,21.074713,0.008761,165.500000
1.710621,0.406027,1.124348,0.251294,1.693741,0.000000,6.311933,55.800000,3.915789,196.150000,20.756614,0.115537,141.950000
1.170816,0.275909,0.965425,0.466626,1.564381,0.205156,3.450347,13.101794,1.712418,25.403478,7.696970,0.000000,148.950000
1.543044,0.334580,0.674412,0.465968,2.151829,0.343413,5.251282,15.850000,2.577236,10.950000,9.521739,0.000000,163.200000
1.451488,0.316407,0.697644,0.464992,2.723804,0.315392,6.307833,21.100000,3.907407,9.600000,14.769231,0.000000,159.950000
1.475475,0.341542,1.254542,0.349477,2.239138,0.049170,6.524504,61.250000,10.652174,184.700000,24.626667,0.000000,140.800000
1.423096,0.318200,1.117656,0.492428,2.118819,0.238068,4.832603,14.350000,4.555556,38.100000,14.941176,0.000000,144.600000
1.085593,0.269822,0.469582,0.174085,2.684104,0.000000,6.045693,66.150000,4.973684,249.300000,21.964758,0.143326,148.250000
1.084012,0.271291,0.964235,0.281556,2.218693,0.026189,5.156064,40.150000,3.318182,186.850000,18.140777,0.000000,143.650000
1.148784,0.273280,0.987213,0.480583,1.987847,0.220148,3.654453,13.300000,1.913669,21.450000,7.944444,0.000000,148.550000
0.502318,0.178168,0.345695,0.121220,4.060505,0.000000,1.207168,153.500000,17.953216,264.900000,24.081818,0.464203,190.750000
0.924777,0.242421,0.535020,0.176464,2.894528,0.010079,3.363605,41.950000,2.741830,228.150000,16.010526,0.003285,135.100000
0.927332,0.233218,1.104691,0.427237,2.501158,0.102055,3.749243,23.900000,4.016807,104.600000,15.159420,0.000000,146.000000
0.800016,0.219557,0.760270,0.289556,3.007153,0.046543,3.636149,37.600000,4.224719,176.050000,19.453039,0.000000,135.500000
0.786443,0.213898,0.867082,0.327146,3.008954,0.046984,3.585650,38.850000,5.111842,164.150000,19.198830,0.000000,139.400000
0.021945,0.015990,0.010088,0.040181,1.980962,0.000000,0.052453,160.700000,14.477477,315.250000,23.526119,0.560027,241.050000
0.070745,0.038718,0.000000,0.042225,3.281876,0.000000,0.084022,102.750000,14.075342,326.800000,45.706294,0.718686,241.500000
0.089601,0.046955,0.151931,0.124926,3.038460,0.000000,0.169504,83.550000,13.261905,294.800000,46.062500,0.270500,219.150000
0.102354,0.050715,0.027670,0.064274,2.572077,0.000000,0.172901,97.700000,10.795580,314.650000,37.236686,0.318823,227.800000
0.274406,0.114504,0.743673,0.317707,3.429262,0.000000,0.912867,60.150000,7.966887,223.650000,31.950000,0.076797,197.650000
0.330651,0.135238,0.808236,0.405871,2.803158,0.000000,1.337082,111.900000,21.728155,229.600000,45.019608,0.385489,195.050000
0.387835,0.153882,1.355787,0.415141,3.195971,0.001071,1.262491,52.750000,8.115385,193.000000,34.159292,0.006845,193.350000
0.296239,0.112304,0.512732,0.247240,2.987440,0.000000,1.085888,33.500000,5.275591,204.900000,21.568421,0.076386,152.500000
0.095536,0.045376,0.695964,0.323645,2.972260,0.000439,0.227315,25.400000,6.047619,186.150000,18.160976,0.014648,178.700000
0.449328,0.179407,1.083972,0.452291,2.822616,0.000000,1.860634,99.050000,24.456790,216.850000,57.826667,0.090075,183.900000
0.424298,0.165515,1.221829,0.475453,2.557014,0.000000,1.741335,88.900000,25.042254,211.000000,81.153846,0.132375,172.578947
0.495642,0.197549,1.101036,0.440080,2.959466,0.000000,2.000974,82.800000,25.090909,211.900000,56.506667,0.217659,193.400000
0.608925,0.207612,0.473715,0.189173,3.175790,0.003571,2.232327,39.100000,3.910000,234.000000,26.590909,0.001095,182.850000
0.455269,0.159740,0.449860,0.166922,2.944333,0.000682,1.106942,35.650000,3.300926,241.550000,27.605714,0.011910,159.200000
0.623875,0.201082,0.224642,0.116282,3.390446,0.000000,1.878868,60.750000,7.408537,281.550000,30.939560,0.073101,191.250000
0.201994,0.090626,0.841839,0.706219,1.680411,0.072950,0.336692,1.850000,1.608696,0.350000,3.500000,0.000000,166.250000
0.426180,0.166452,1.248967,0.476776,2.716171,0.000000,1.473258,33.850000,9.955882,163.700000,49.606061,0.170705,176.750000
0.253653,0.104976,0.226152,0.139487,2.650292,0.001635,0.999515,52.900000,6.297619,282.050000,32.419540,0.005613,199.600000
0.237770,0.095408,0.429248,0.180428,2.693435,0.000000,0.559405,40.350000,6.067669,245.100000,50.020408,0.059548,205.550000
0.484204,0.195574,0.954064,0.511344,1.674789,0.018984,1.418046,15.650000,6.019231,107.350000,33.546875,0.002190,172.800000
0.213182,0.089784,0.307714,0.173429,2.284205,0.000636,0.503037,33.000000,5.546218,259.400000,38.147059,0.002327,174.350000
0.264092,0.137735,0.987566,0.587385,1.532476,0.036173,0.711983,8.150000,3.975610,39.600000,24.750000,0.000000,175.150000
0.050058,0.027401,0.114493,0.143707,1.934032,0.000000,0.095193,63.500000,32.564103,303.050000,163.810811,0.080356,159.700000
0.072299,0.051745,0.000840,0.042775,1.523429,0.000000,0.119865,132.950000,19.408759,323.000000,49.692308,0.636003,287.750000
0.363266,0.164257,0.972524,0.629209,1.279702,0.059482,1.034981,6.850000,3.425000,30.500000,16.944444,0.000000,191.650000
0.273015,0.130893,1.054730,0.492736,1.603089,0.011972,0.844008,17.150000,6.125000,103.800000,28.054054,0.000000,186.550000
0.165648,0.073511,0.179214,0.285878,2.196180,0.001254,0.519606,42.550000,19.340909,306.450000,117.865385,0.003149,197.800000
0.508669,0.212508,1.117510,0.423545,2.040537,0.000687,1.541939,28.700000,7.863014,172.200000,50.647059,0.038330,170.000000
0.057450,0.025805,0.000000,0.006858,2.225580,0.000000,0.000000,12.650000,7.906250,356.800000,209.882353,0.965366,242.285714
0.879732,0.524049,1.050582,0.692315,2.452094,0.203331,3.304122,12.200000,13.555556,7.500000,3.061224,0.000000,234.650000
0.403643,0.261167,0.877477,0.624502,1.933779,0.059939,1.738242,22.850000,14.741935,45.900000,9.367347,0.000000,220.600000
1.128969,0.666433,1.080236,0.692206,1.657163,0.245943,4.136317,9.050000,13.923077,10.750000,6.718750,0.000000,234.650000
0.141263,0.092233,0.695164,0.640325,0.883593,0.028356,0.591415,19.900000,9.707317,15.000000,3.797468,0.000000,200.250000
0.635229,0.310958,1.150075,0.540694,1.800417,0.077429,2.727607,21.900000,13.272727,74.700000,12.554622,0.000000,237.450000
0.587627,0.300371,1.162534,0.611704,1.781633,0.104470,2.352223,17.350000,13.346154,29.500000,7.662338,0.000000,232.650000
0.285584,0.163351,1.192768,0.553972,2.137646,0.034588,1.035156,15.450000,5.618182,60.150000,12.275510,0.000000,230.400000
1.637315,0.633095,1.041599,0.523481,1.032943,0.109431,8.598189,57.000000,26.511628,171.400000,83.609756,0.000000,260.850000
0.933304,0.380012,0.796445,0.605352,1.302726,0.191972,4.266043,30.300000,20.896552,17.550000,10.968750,0.000000,253.650000
1.134500,0.475192,0.717729,0.611369,1.287822,0.235118,5.206195,29.650000,17.441176,14.600000,16.222222,0.000000,253.400000
0.670295,0.330057,0.750826,0.659172,1.863735,0.166081,2.595010,12.000000,12.000000,1.900000,5.428571,0.000000,238.000000
1.921686,0.747626,0.888422,0.529511,1.445633,0.142469,9.972807,55.550000,27.775000,164.100000,51.281250,0.000000,253.650000
1.222148,0.538535,0.479910,0.502968,1.694216,0.150977,6.869435,44.500000,35.600000,119.250000,19.390244,0.000000,245.800000
1.717065,0.647893,0.858187,0.503169,1.066786,0.117010,9.391203,58.650000,27.279070,180.400000,40.539326,0.000000,248.850000
0.842999,0.334279,0.628997,0.467679,1.630506,0.036257,5.044486,57.550000,41.107143,191.300000,34.160714,0.001506,253.500000
1.640918,0.612676,1.116771,0.607648,1.515937,0.226069,7.290726,39.050000,15.938776,88.400000,12.905109,0.000000,249.450000
0.816738,0.426483,0.958052,0.666322,1.580869,0.221329,3.172389,14.350000,10.629630,0.900000,3.000000,0.000000,244.200000
0.375007,0.271200,0.893422,0.680548,1.730503,0.092136,1.455747,13.050000,10.038462,4.350000,4.142857,0.000000,229.400000
0.571646,0.329655,0.688272,0.549480,2.094432,0.058750,2.783287,42.250000,18.369565,120.550000,17.992537,0.000000,235.650000
0.033436,0.026360,0.990889,0.686515,2.374104,0.004178,0.113392,16.200000,21.600000,44.650000,18.604167,0.000000,198.100000
0.273065,0.172379,0.648421,0.505896,3.585494,0.021297,1.315431,40.850000,24.757576,163.000000,28.347826,0.003422,217.550000
1.842552,0.729914,1.582532,0.597099,1.433802,0.208053,7.435301,19.200000,6.095238,94.650000,23.370370,0.000000,244.000000
0.169090,0.104164,0.320333,0.491069,2.978004,0.001117,0.826697,61.150000,21.456140,254.550000,39.773438,0.040794,212.550000
0.210643,0.133275,0.168888,0.497448,4.293214,0.000000,1.338338,87.100000,35.551020,277.150000,108.686275,0.384394,210.450000
0.058412,0.048118,0.089218,0.218770,3.739721,0.000000,0.224893,59.150000,8.450000,303.650000,41.882759,0.163587,185.300000
0.178419,0.132117,1.227472,0.780084,1.311828,0.057056,0.405734,3.750000,10.714286,0.000000,0.000000,0.000000,161.650000
0.090138,0.069833,0.821655,0.582300,2.193725,0.014257,0.305508,11.850000,4.836735,31.900000,12.037736,0.000000,178.900000
0.390909,0.246025,1.065152,0.419681,2.709749,0.000000,1.669404,53.250000,12.383721,187.750000,22.620482,0.091581,181.350000
0.036190,0.033745,0.471574,0.354763,1.475638,0.004693,0.040674,8.700000,3.000000,77.700000,33.063830,0.000000,169.500000
0.032469,0.022747,0.535046,0.321295,0.843780,0.000000,0.080261,29.600000,7.789474,191.300000,30.608000,0.058316,212.300000
0.479877,0.306728,0.652859,0.285504,1.993416,0.000000,2.100774,98.450000,12.703226,236.550000,29.024540,0.321424,196.550000
0.011895,0.009415,0.343444,0.222636,1.610588,0.000332,0.033185,29.250000,3.750000,239.900000,26.362637,0.000548,246.850000
0.582409,0.328068,0.987025,0.650654,1.685788,0.130894,2.234679,13.500000,6.585366,8.950000,4.589744,0.000000,212.700000
0.248716,0.145504,0.988595,0.631232,2.303598,0.025544,1.004938,27.700000,9.081967,70.750000,11.411290,0.000000,197.500000
0.136498,0.089380,0.506357,0.543237,2.265714,0.027370,0.423587,14.300000,3.250000,17.800000,11.866667,0.000000,190.000000
0.133707,0.081390,0.321877,0.406599,2.400252,0.013729,0.462994,29.650000,7.701299,157.450000,20.993333,0.000000,163.950000
0.244037,0.145659,0.106343,0.407459,1.890732,0.050528,1.032823,27.950000,6.425287,9.650000,12.866667,0.000000,167.150000
0.235810,0.147837,0.000000,0.237642,2.361158,0.000000,1.236469,111.000000,21.764706,304.600000,55.381818,0.696099,188.850000
0.213709,0.121011,0.112829,0.454507,1.872020,0.055700,0.726485,20.850000,6.619048,0.000000,0.000000,0.000000,164.500000
0.371955,0.241993,0.122165,0.180176,2.941331,0.000000,1.262749,72.400000,15.739130,287.500000,59.278351,0.260233,155.200000
0.151510,0.123445,0.097795,0.255287,2.411722,0.000000,0.533828,123.700000,24.740000,284.600000,61.204301,0.177550,194.200000
0.093870,0.079421,0.209262,0.178043,2.408878,0.000000,0.152984,171.650000,38.573034,289.150000,51.176991,0.530048,153.000000
0.159238,0.134936,0.018364,0.154235,2.940683,0.000000,0.330861,133.100000,43.639344,302.200000,71.952381,0.635592,176.200000
0.213161,0.137474,1.322857,0.834380,1.960735,0.035361,0.669989,3.700000,10.571429,27.600000,12.837209,0.000000,201.050000
0.114466,0.083874,1.329164,0.613173,2.901188,0.003487,0.592729,36.400000,24.266667,152.150000,57.415094,0.000137,234.350000
0.118130,0.085274,0.897470,0.875909,1.031798,0.048980,0.241404,1.200000,2.666667,0.050000,1.000000,0.000000,187.300000
1.368262,0.703951,1.174732,0.723371,1.489173,0.375716,4.862210,6.700000,4.785714,0.000000,0.000000,0.000000,235.000000
0.413635,0.246292,0.867717,0.580574,1.815287,0.030977,1.794866,26.653649,20.500000,95.463068,27.666667,0.000000,229.650000
0.251824,0.152966,0.874908,0.702348,1.613689,0.079977,0.817949,6.400000,7.111111,0.900000,9.000000,0.000000,229.800000
0.477440,0.268353,0.853857,0.701975,1.887009,0.155226,1.541916,10.250000,15.769231,0.000000,0.000000,0.000000,233.000000
0.405115,0.354601,0.701544,0.572982,1.704902,0.082064,1.570948,22.050000,10.255814,16.100000,6.440000,0.000000,220.900000
0.456547,0.345790,0.806192,0.834000,1.466961,0.182192,1.214612,2.000000,20.000000,0.000000,0.000000,0.000000,218.700000
0.331079,0.513647,0.802938,0.630474,1.406305,0.045812,1.413360,21.950000,20.904762,50.850000,15.646154,0.000000,222.850000
0.282084,0.256122,0.926413,0.614251,1.631062,0.000000,1.567959,60.550000,29.536585,204.900000,66.096774,0.281862,176.700000
0.047011,0.057129,0.000000,0.298106,1.669580,0.000000,0.141825,121.900000,38.093750,295.450000,92.328125,0.666256,142.352941
0.287811,0.274548,1.032214,0.717717,0.897685,0.044661,0.806085,6.550000,5.458333,27.500000,13.414634,0.000000,150.550000
0.062949,0.095763,0.148857,0.270435,1.570995,0.000000,0.166981,127.000000,49.803922,288.950000,115.580000,0.496509,168.789474
0.761293,0.575706,0.933561,0.671348,1.741051,0.065835,3.332873,26.600000,15.647059,102.950000,34.898305,0.000000,171.550000
0.328793,0.223491,1.427498,0.808386,1.206247,0.069389,0.929315,0.550000,2.750000,13.850000,10.259259,0.000000,168.750000
1.688926,0.763523,0.684407,0.511318,1.689118,0.109526,9.253026,65.650000,41.031250,207.500000,59.285714,0.000000,245.850000
0.181439,0.133455,0.863042,0.606473,2.138848,0.029067,0.774042,30.300000,11.433962,65.150000,16.922078,0.000000,203.850000
1.958226,0.579424,1.274881,0.499949,1.437053,0.083633,9.736372,66.250000,16.358025,191.500000,62.786885,0.000000,215.550000
2.778327,0.744624,1.558096,0.547357,1.441653,0.123150,12.807577,60.900000,16.916667,178.350000,69.941176,0.000000,222.600000
0.242687,0.131197,1.819708,0.671766,1.949868,0.013249,1.015726,19.700000,11.939394,107.500000,30.281690,0.029021,197.550000
0.952035,0.370746,0.931101,0.589456,1.888611,0.132966,4.166270,28.450000,14.973684,77.400000,29.207547,0.000000,208.550000
1.431772,0.570909,0.964199,0.719880,1.290308,0.447388,4.576144,2.900000,3.866667,4.200000,12.000000,0.000000,215.500000
0.554649,0.355467,1.061477,0.657176,1.494743,0.134150,1.946565,14.500000,4.603175,9.050000,3.693878,0.000000,219.550000
0.660348,0.335934,0.664396,0.401117,2.032558,0.005415,2.530737,44.950000,12.842857,213.450000,52.703704,0.002875,147.350000
0.360269,0.175554,0.722059,0.435500,1.783523,0.000000,1.520168,64.850000,21.983051,227.450000,74.573770,0.262423,149.250000
0.439204,0.233165,0.812601,0.595576,1.809469,0.054358,1.630748,19.700000,7.725490,69.050000,27.620000,0.000000,148.850000
2.022256,0.712873,1.063882,0.532805,1.898954,0.150109,8.637359,35.600000,8.376471,124.500000,27.065217,0.000000,144.600000
0.996148,0.435278,0.534969,0.302934,2.126523,0.000000,4.396498,103.500000,30.895522,245.450000,90.907407,0.347844,137.600000
0.065998,0.049519,0.375664,0.292396,2.527362,0.000129,0.213190,48.550000,10.788889,254.450000,57.179775,0.011910,137.250000
0.882343,0.327767,0.756343,0.400733,2.334437,0.024698,3.844707,45.200000,9.224490,196.150000,35.663636,0.000000,136.900000
0.256929,0.174046,0.426154,0.286167,2.821361,0.000000,1.069510,108.200000,28.473684,257.550000,66.896104,0.420397,139.700000
0.281479,0.189127,0.119132,0.314548,2.969277,0.000000,1.408391,142.000000,16.511628,267.250000,53.450000,0.611225,138.300000
0.470449,0.286983,0.533676,0.339357,2.602751,0.000000,2.274373,108.350000,20.836538,244.550000,44.871560,0.314990,139.250000
0.064715,0.049511,0.254644,0.340042,4.213571,0.000000,0.276851,147.650000,59.060000,273.700000,81.701493,0.474606,155.200000
1.719287,0.851821,1.145416,0.580900,1.060307,0.102896,7.895906,35.400000,10.892308,116.000000,24.946237,0.000000,244.000000
1.878415,0.641425,1.095254,0.487675,1.654297,0.007771,9.603075,85.450000,37.152174,212.300000,67.396825,0.000274,220.000000
0.066322,0.056492,0.464076,0.376217,2.755743,0.000000,0.264077,139.400000,41.611940,250.150000,80.693548,0.471184,151.050000
1.940977,0.735110,1.621302,0.564777,1.260407,0.034504,9.096631,41.850000,12.492537,149.300000,47.396825,0.000000,232.300000
1.949225,0.712535,1.696753,0.576040,1.349112,0.049925,8.898454,41.750000,13.688525,152.600000,57.584906,0.000000,226.950000
0.127311,0.105525,0.000000,0.230284,3.717805,0.000000,0.415091,103.650000,74.035714,293.850000,150.692308,0.716222,144.473684
0.103055,0.081833,0.575711,0.361505,4.218504,0.000000,0.404630,144.850000,61.638298,242.600000,85.122807,0.428611,146.700000
0.531312,0.188246,0.501697,0.264293,2.309310,0.000000,2.052496,100.450000,22.573034,249.400000,55.422222,0.365777,146.200000
0.632187,0.305640,0.377085,0.258388,2.582804,0.000000,2.425597,103.500000,20.909091,264.100000,53.353535,0.406708,136.800000
2.213014,0.641353,1.478447,0.688655,1.102042,0.630430,5.933288,4.300000,1.720000,0.000000,0.000000,0.000000,167.150000
1.479164,0.419275,1.207133,0.625815,1.546298,0.326343,4.895145,12.750000,3.148148,10.000000,25.000000,0.000000,155.900000
1.814664,0.612758,1.022107,0.396907,1.871240,0.000473,8.199948,70.750000,15.215054,212.400000,65.353846,0.043121,135.350000
1.782064,0.497383,0.958272,0.389545,1.988214,0.029519,8.800194,58.200000,10.034483,199.200000,52.421053,0.000000,135.250000
1.842949,0.504426,2.091859,0.491465,1.637187,0.007499,7.353669,53.200000,7.093333,180.000000,53.731343,0.000000,144.800000
3.644829,0.705530,1.308400,0.442188,1.415628,0.102001,15.708210,48.950000,8.981651,178.150000,47.506667,0.000000,136.250000
3.575647,0.739659,1.416918,0.445604,1.548019,0.023836,16.548862,58.900000,11.326923,185.650000,52.295775,0.000000,132.750000
3.407381,0.748608,1.763833,0.431323,1.287576,0.026929,14.532927,54.050000,6.177143,181.600000,49.081081,0.000000,132.550000
2.291624,0.573050,1.322885,0.408522,1.912620,0.000000,10.468036,73.750000,13.053097,200.500000,56.478873,0.173580,134.900000
2.958831,0.678144,1.545245,0.443372,1.435321,0.090528,12.692481,39.650000,4.005051,161.000000,32.525253,0.000000,132.800000
3.124262,0.682157,2.012639,0.501222,1.193649,0.031688,12.981802,33.150000,4.702128,160.250000,46.449275,0.000000,136.850000
2.176661,0.694192,2.497305,0.649929,1.476079,0.166453,6.635438,5.300000,2.585366,110.850000,31.671429,0.000000,167.950000
2.652417,0.904514,2.226240,0.587634,1.323194,0.185279,9.953948,25.100000,6.121951,139.500000,34.444444,0.000000,190.750000
1.585692,0.427862,1.794366,0.551096,1.886824,0.042010,6.274348,36.650000,8.329545,161.150000,53.716667,0.000000,147.000000
5.391817,0.965472,2.061190,0.527081,1.385017,0.358158,19.845983,16.800000,2.645669,133.900000,45.389831,0.000000,132.100000
7.196870,0.907785,1.767878,0.504303,1.191310,0.499020,26.843845,13.800000,2.379310,104.850000,23.300000,0.000000,113.050000
4.651822,0.676635,1.942768,0.500324,1.392237,0.202861,17.895234,16.450000,2.990909,127.450000,32.265823,0.000000,115.850000
4.936729,0.658297,1.766076,0.469716,1.658530,0.207887,18.610006,19.300000,2.838235,131.650000,32.109756,0.000000,113.700000
3.191926,0.677982,1.971278,0.538073,1.226360,0.235654,11.480597,11.950000,2.390000,110.950000,25.802326,0.000000,122.300000
4.835437,0.949755,1.810792,0.550484,0.925136,0.497368,17.095239,8.150000,2.037500,91.900000,24.837838,0.000000,125.900000
6.754326,0.966568,1.843431,0.563503,1.213167,0.759490,22.784708,10.250000,2.113402,90.550000,31.771930,0.000000,115.450000
9.688438,1.188093,1.406474,0.515538,1.019349,1.060980,31.816682,9.000000,1.747573,63.900000,14.522727,0.000000,117.100000
9.585256,1.231197,1.061481,0.621795,0.526822,2.424938,25.517805,3.550000,1.365385,7.800000,6.000000,0.000000,129.250000
7.824882,0.944511,1.773052,0.502142,0.862695,0.486137,27.064049,10.550000,1.788136,99.900000,22.200000,0.000000,112.250000
2.334860,0.488963,1.442567,0.679331,0.928180,0.628241,5.871636,1.150000,1.150000,1.850000,5.285714,0.000000,187.750000
5.900400,1.032490,1.449134,0.600843,1.078078,0.940552,16.388408,3.250000,1.413043,35.550000,13.166667,0.000000,150.250000
8.704758,1.244477,1.388733,0.578410,0.757071,0.982159,25.636023,4.000000,1.538462,53.250000,16.904762,0.000000,135.550000
1.697690,0.423420,0.919668,0.655809,1.621030,0.549582,4.996198,7.500000,2.500000,0.000000,0.000000,0.000000,134.300000
5.488329,0.777203,1.126988,0.694124,0.915336,1.782505,12.162976,1.250000,1.562500,2.050000,4.555556,0.000000,177.000000
5.419860,0.745050,1.186867,0.694987,0.477866,1.899326,11.375642,0.600000,1.333333,0.650000,2.600000,0.000000,195.550000
2.658636,0.582939,1.607264,0.604888,1.103443,0.439775,7.167145,3.000000,1.935484,41.300000,9.386364,0.000000,144.950000
5.760604,0.795457,1.914250,0.595705,1.076141,0.771906,16.643771,2.600000,1.677419,62.050000,17.985507,0.000000,170.550000
5.862041,0.813411,1.882323,0.589704,1.102682,0.713981,16.183574,2.950000,1.735294,63.850000,17.985915,0.000000,161.050000
6.798080,0.949405,1.821825,0.530137,1.234609,0.591913,20.012311,4.950000,1.706897,75.850000,15.802083,0.000000,144.600000
5.108600,0.784869,1.617895,0.697623,1.278876,1.145554,12.819292,1.350000,1.500000,5.900000,5.130435,0.000000,143.700000
7.497150,0.938218,1.502388,0.565111,0.992957,1.041978,20.169274,3.789883,1.469388,41.162343,13.482759,0.000000,161.421053
6.518953,0.855121,1.695476,0.578421,1.122146,0.904437,18.088735,3.450000,1.682927,50.850000,17.237288,0.000000,161.350000
6.442571,0.893444,1.555454,0.649029,0.997027,1.374023,15.952637,1.850000,1.480000,12.900000,8.896552,0.000000,162.200000
3.902001,0.682938,1.804270,0.516595,1.333410,0.340749,13.283003,8.400000,1.909091,96.850000,17.609091,0.000000,121.700000
8.301802,1.038589,1.414773,0.627931,0.723173,1.379156,20.706366,1.900000,1.151515,31.450000,10.483333,0.000000,140.700000
9.503108,1.080827,1.656373,0.468625,0.880915,0.796479,29.435091,7.700000,1.604167,66.700000,11.600000,0.000000,144.050000
6.824028,1.015301,1.539680,0.586395,1.171381,0.837292,18.062616,3.750000,1.442308,57.200000,12.301075,0.000000,133.300000
5.718302,1.046972,2.073894,0.671256,0.456283,1.125807,15.082242,0.650000,1.181818,19.350000,7.740000,0.000000,251.200000
6.263014,1.027511,1.579924,0.617977,0.985291,1.404464,16.291777,1.800000,1.500000,9.200000,6.344828,0.000000,203.100000
6.772528,1.043322,1.593525,0.611301,0.998460,1.307902,17.733436,2.000000,1.538462,21.450000,8.411765,0.000000,186.850000
5.780442,0.979747,1.417159,0.662260,0.873356,1.556044,13.846152,1.200000,1.333333,3.400000,5.666667,0.000000,186.950000
2.338707,0.702230,1.396725,0.613435,1.148280,0.332959,9.239617,21.650000,7.596491,73.600000,23.000000,0.000000,237.450000
0.394047,0.175634,1.037235,0.642851,1.645097,0.086707,1.445113,18.800000,12.129032,10.650000,5.756757,0.000000,219.250000
2.411443,0.702116,0.857479,0.666905,0.904282,0.682361,8.783851,10.450000,4.354167,0.100000,2.000000,0.000000,247.550000
3.678375,0.909917,1.252658,0.640850,0.613560,0.608223,13.913093,16.850000,4.212500,55.650000,13.740741,0.000000,256.500000
0.961071,0.320633,1.073187,0.618881,0.323903,0.129663,4.048722,24.100000,17.214286,60.900000,11.072727,0.000000,242.450000
1.420221,0.458899,1.211257,0.787897,0.318664,0.539991,3.876860,0.050000,1.000000,0.100000,1.000000,0.000000,248.800000
0.738336,0.311471,0.759206,0.601078,0.986386,0.152810,2.975782,23.400000,10.400000,14.250000,5.700000,0.000000,235.550000
1.131199,0.372709,1.519224,0.652728,1.716313,0.176900,4.123845,13.400000,6.700000,58.300000,36.437500,0.000000,216.250000
1.908860,0.560409,1.650493,0.572052,1.443502,0.219985,7.389252,20.250000,5.259740,107.550000,21.510000,0.000000,191.450000
2.073839,0.566246,1.704091,0.631105,1.341921,0.311419,7.085011,11.450000,5.452381,71.900000,11.061538,0.000000,211.750000
1.365544,0.533608,0.878397,0.534020,0.866057,0.122118,7.108123,48.800000,26.378378,146.500000,33.295455,0.000000,241.300000
4.193447,0.936999,1.689379,0.660177,0.926750,0.645076,13.814639,4.000000,2.857143,40.150000,14.087719,0.000000,239.150000
2.721311,0.573393,1.747997,0.635058,1.367065,0.429287,9.093720,6.150000,4.100000,47.500000,17.592593,0.000000,218.000000
1.627309,0.668579,0.484815,0.518726,1.491635,0.193750,8.779288,48.650000,24.948718,132.350000,16.543750,0.000000,239.400000
1.469536,0.616590,0.799578,0.615791,1.294477,0.287224,6.548711,29.500000,11.132075,24.400000,3.753846,0.000000,254.300000
1.000693,0.448945,0.955965,0.688058,1.406788,0.245534,3.683017,9.400000,9.894737,7.350000,7.736842,0.000000,246.750000
1.242943,0.527242,1.134504,0.707864,1.173679,0.315842,4.295452,6.700000,6.700000,0.750000,1.500000,0.000000,239.550000
0.247989,0.160782,0.673432,0.837022,0.764920,0.137778,0.532743,0.000000,0.000000,1.050000,7.000000,0.000000,197.950000
0.222197,0.162175,1.116571,0.608500,2.088587,0.014142,0.994876,44.200000,18.040816,126.050000,24.715686,0.000000,211.800000
1.659956,0.646655,1.062178,0.700849,1.298638,0.487956,5.783966,9.100000,9.100000,0.550000,2.200000,0.000000,234.700000
2.579808,0.792020,0.915443,0.530890,1.273825,0.194838,12.956699,54.100000,14.821918,148.850000,21.729927,0.000000,235.400000
1.404035,0.460750,1.019277,0.621746,1.588798,0.269570,5.592140,24.650000,10.061224,22.650000,5.329412,0.000000,231.250000
1.413739,0.389408,0.755911,0.573368,1.430265,0.235105,6.391381,39.000000,18.571429,51.600000,6.745098,0.000000,236.850000
1.742409,0.633163,1.551205,0.622529,1.118655,0.237175,6.561833,17.700000,6.321429,67.450000,10.067164,0.000000,233.400000
2.158771,0.601611,1.395440,0.615921,1.159294,0.291818,8.172826,19.100000,7.346154,69.750000,10.568182,0.000000,226.100000
0.726262,0.312258,1.537814,0.652414,1.618504,0.113155,2.562155,13.750000,6.395349,48.100000,7.950413,0.000000,219.650000
1.453187,0.493670,1.648287,0.635650,1.288079,0.207469,5.161002,12.550000,6.972222,59.450000,11.890000,0.000000,223.800000
2.442704,0.647160,1.471492,0.661433,1.142151,0.494622,8.095399,7.450000,5.730769,16.500000,4.782609,0.000000,218.350000
1.643895,0.623462,2.139854,0.610046,1.147342,0.286627,5.453077,9.600000,3.000000,68.400000,19.000000,0.000000,180.050000
3.271137,0.712452,1.261767,0.708062,1.085771,1.021535,8.044586,1.550000,1.823529,0.000000,0.000000,0.000000,190.450000
0.539087,0.211599,0.954484,0.739991,1.496423,0.215517,1.495558,4.100000,2.562500,0.350000,7.000000,0.000000,163.600000
4.727427,0.749967,1.733690,0.659921,0.994494,1.041420,12.047091,1.650000,1.500000,7.200000,4.800000,0.000000,151.700000
6.510736,0.842296,1.818519,0.457870,1.092871,0.252817,23.557914,12.800000,1.910448,107.650000,24.191011,0.000000,135.850000
6.038186,0.718656,1.926695,0.530503,0.895484,0.453716,19.719189,6.000000,1.764706,87.700000,21.654321,0.000000,130.500000
8.045372,0.900243,1.642391,0.557561,1.069642,1.241344,25.819949,5.600000,1.647059,57.550000,14.036585,0.000000,133.150000
6.803137,0.857853,1.927851,0.541765,0.932655,0.661237,21.207662,4.550000,1.784314,83.000000,19.761905,0.000000,131.550000
5.604440,0.757047,1.988592,0.562321,0.829073,0.531242,17.612729,3.150000,1.575000,84.600000,18.193548,0.000000,135.300000
2.510963,0.542897,2.347132,0.499690,1.462180,0.085011,9.118562,14.450000,2.470085,136.750000,29.728261,0.000000,135.750000
4.472458,0.771348,1.279542,0.820739,1.102299,1.774975,9.553904,0.000000,0.000000,0.000000,0.000000,0.000000,183.450000
5.184503,0.853038,2.291110,0.526837,1.409138,0.235190,17.488462,8.650000,2.217949,118.900000,44.037037,0.000000,155.750000
2.377269,0.470724,1.844865,0.545077,2.067530,0.118808,9.647189,22.300000,4.372549,131.100000,32.370370,0.000000,130.900000
5.907253,0.950058,2.231385,0.532583,1.176517,0.255873,18.678754,5.300000,1.656250,106.750000,40.283019,0.000000,130.550000
4.277257,0.748864,2.336720,0.552044,1.375660,0.229610,13.616412,6.050000,1.833333,110.800000,36.933333,0.000000,138.050000
6.001348,0.908166,2.181747,0.509256,1.361834,0.255839,21.111426,9.600000,1.828571,116.250000,33.695652,0.000000,133.200000
3.480939,0.649903,2.276051,0.522205,1.622396,0.116201,12.669539,13.050000,2.718750,123.800000,32.578947,0.000000,135.000000
6.047002,0.826949,2.216918,0.632096,1.144233,0.860977,17.009552,2.350000,1.740741,62.250000,20.409836,0.000000,153.850000
5.294574,0.718131,2.135714,0.559949,1.148879,0.362579,17.298027,4.550000,1.820000,103.000000,26.753247,0.000000,127.050000
5.469977,0.978564,2.056171,0.569259,1.316391,0.474418,17.417932,4.600000,1.916667,92.350000,23.987013,0.000000,128.550000
3.618247,0.621776,2.063758,0.516547,1.513209,0.126290,14.172553,19.350000,4.206522,131.400000,41.062500,0.000000,119.350000
5.357591,0.800309,2.008750,0.538192,1.318645,0.364254,18.212721,10.750000,2.756410,109.500000,33.181818,0.000000,121.600000
6.605015,0.990253,1.940681,0.520848,1.140323,0.343979,24.301668,12.400000,2.317757,115.350000,34.954545,0.000000,119.650000
4.161376,0.641211,2.044051,0.478172,0.983996,0.117927,17.439948,26.900000,3.659864,143.500000,37.272727,0.000000,123.200000
3.837112,0.610331,2.015189,0.545520,1.485432,0.214071,14.956433,16.500000,3.027523,125.800000,38.707692,0.000000,126.050000
1.255903,0.343557,1.724235,0.551513,2.157336,0.094795,4.313883,20.350000,3.803738,132.100000,26.959184,0.000000,141.200000
2.457700,0.493734,1.689890,0.459455,1.220096,0.057651,10.203129,41.100000,4.835294,165.550000,41.911392,0.000000,125.550000
2.925937,0.643997,2.231023,0.508616,1.552484,0.141493,10.653569,16.150000,2.543307,136.400000,33.679012,0.000000,135.500000
4.072283,0.646657,2.246135,0.480769,1.127976,0.104916,15.891946,23.800000,3.216216,153.350000,47.921875,0.000000,125.900000
0.332015,0.119358,1.186040,0.518408,2.694495,0.000000,1.358552,33.550000,9.867647,148.050000,32.538462,0.088296,138.050000
7.568103,1.362132,2.017435,0.485781,1.386228,0.250706,31.226804,26.450000,3.526667,148.450000,46.390625,0.000000,123.900000
